,timestep_time,vehicle_id
982,58,131
2360,92,59
2409,93,59
2411,93,691
2673,98,710
3083,105,769
3121,106,1739
3123,106,1767
3145,106,769
3208,107,769
3247,108,1766
3271,108,769
3333,109,769
3378,110,295
3395,110,769
3441,111,295
3458,111,769
7472,181,55
7527,182,55
7583,183,55
7698,185,810
7755,186,810
8280,195,1698
8287,195,1805
8409,197,1757
8571,199,928
8634,200,928
8798,203,298
8863,204,298
9046,207,210
9106,208,210
10306,228,98
10427,231,154
12173,262,761
12233,263,761
12294,264,761
12354,265,761
12415,266,761
12476,267,761
12537,268,761
12599,269,761
12661,270,761
12757,272,17
12761,272,1804
12820,273,17
12824,273,1804
12911,274,58
12974,275,58
13981,290,926
14053,291,926
14581,299,1606
14648,300,1606
16458,330,118
18515,365,382
18577,366,382
23854,452,46
23868,452,700
23923,453,46
23937,453,700
23995,454,47
24007,454,700
24066,455,47
24073,455,57
24138,456,47
24209,457,47
24219,457,69
24220,457,7
24291,458,69
24363,459,69
24761,465,1780
24904,467,1754
24981,468,1789
25051,469,1741
25128,470,1762
25230,471,469
25305,472,469
25367,473,297
25442,474,297
25876,480,1798
26216,484,554
26294,485,554
26329,486,1610
26404,487,1610
27241,498,127
27469,501,136
27880,506,765
27953,507,765
30443,542,24
30517,543,24
31500,556,1791
31574,557,1781
31935,561,924
32016,562,924
33789,588,100
33925,590,141
34035,592,112
34717,602,94
35320,612,132
35386,613,132
36674,631,21
36763,632,696
36837,633,696
37942,647,553
38023,648,553
38524,654,932
38607,655,932
43396,718,108
43811,722,687
43814,722,712
43899,723,687
43902,723,712
43966,724,20
43991,724,71
44055,725,20
44080,725,71
44205,727,13
44450,729,84
44633,731,809
44726,732,809
45052,736,1714
45098,736,771
45194,737,771
45291,738,771
45389,739,771
45396,739,931
45488,740,771
45495,740,931
45587,741,771
45686,742,771
45692,742,930
45785,743,771
45791,743,930
46569,752,1099
46659,753,1099
47870,768,165
48685,780,139
50760,807,99
50839,808,99
51108,812,15
51190,813,15
51323,814,715
51408,815,715
51469,816,25
52258,825,1790
52903,832,296
52995,833,296
54402,848,746
54493,849,746
54583,850,746
54672,851,746
54762,852,746
54849,853,746
54936,854,746
55022,855,746
55126,857,126
56892,878,93
58777,902,51
58790,902,8
58864,903,51
58877,903,8
58933,904,22
59021,905,22
59153,907,1102
59243,908,1102
59375,909,1862
59466,910,1862
59647,912,1858
59738,913,1858
60186,918,1786
60429,921,1265
60519,922,1265
61264,930,1607
61352,931,1607
61561,933,380
61649,934,380
62687,948,125
65687,992,1721
65691,992,1803
65755,993,1721
65759,993,1803
66583,1005,1756
66886,1009,551
66958,1010,551
67186,1013,744
67260,1014,744
67333,1015,744
67403,1016,744
67470,1017,744
67538,1018,744
67607,1019,744
67875,1023,638
67941,1024,638
68686,1038,134
68789,1040,146
70745,1082,717
70796,1083,66
70797,1083,717
71136,1089,762
71194,1090,762
71254,1091,762
71314,1092,762
71374,1093,762
71436,1094,762
71469,1095,1763
71498,1095,762
71560,1096,762
71580,1097,1437
71622,1097,762
71642,1098,1437
71684,1098,762
72992,1119,1605
73271,1123,749
73333,1124,749
73395,1125,749
73600,1129,158
75741,1160,752
75816,1161,752
75892,1162,752
75967,1163,752
76043,1164,752
76120,1165,752
76199,1166,752
76650,1172,1720
76653,1172,1787
76735,1173,1720
76860,1174,721
76922,1175,31
76944,1175,721
77103,1177,466
77189,1178,466
78002,1188,1270
78088,1189,1270
78393,1192,299
78482,1193,299
79010,1199,1747
80599,1218,107
80758,1220,113
84026,1262,1706
84065,1262,718
84113,1263,1706
84152,1263,718
84238,1264,694
84244,1264,778
84331,1265,778
84418,1266,778
84507,1267,778
84596,1268,778
84686,1269,778
84776,1270,778
84866,1271,778
84919,1272,1793
84956,1272,778
85047,1273,778
85139,1274,778
85190,1275,1777
85232,1275,778
85281,1276,1748
85326,1276,778
85420,1277,778
85516,1278,778
85540,1279,1271
85612,1279,778
85636,1280,1271
85708,1280,778
85804,1281,778
85901,1282,778
86000,1283,778
86099,1284,778
86198,1285,778
86296,1286,778
86394,1287,778
86493,1288,778
86591,1289,778
86689,1290,778
86788,1291,778
86887,1292,778
86987,1293,778
87087,1294,778
87186,1295,778
87285,1296,778
87384,1297,778
87484,1298,778
87583,1299,778
87680,1300,778
87777,1301,778
87874,1302,778
87973,1303,778
88072,1304,778
88169,1305,778
88263,1306,777
88264,1306,778
88357,1307,777
88393,1308,151
88451,1308,777
88544,1309,777
88734,1311,97
92303,1352,1794
92332,1352,61
92396,1353,1794
92425,1353,61
92513,1354,52
92520,1354,64
92606,1355,52
92613,1355,64
92690,1356,33
92785,1357,33
92792,1357,5
93005,1359,82
93121,1361,1100
93221,1362,1100
93666,1366,1701
93885,1368,213
93987,1369,213
94738,1376,756
94840,1377,756
94940,1378,756
95039,1379,756
95077,1380,1441
95135,1380,756
95171,1381,1441
95229,1381,756
95323,1382,756
95415,1383,756
95505,1384,756
95594,1385,756
95679,1386,756
95764,1387,756
95844,1388,756
95922,1389,756
96000,1390,756
96075,1391,756
96151,1392,756
96227,1393,756
96305,1394,756
96382,1395,756
96460,1396,756
96536,1397,756
96557,1398,129
96612,1398,756
97647,1413,166
98309,1422,757
98379,1423,757
98472,1425,144
99744,1442,72
99763,1443,12
99820,1443,72
100079,1447,1439
100156,1448,1439
100531,1452,775
100614,1453,775
100698,1454,775
100739,1455,1755
100782,1455,775
100867,1456,775
100917,1457,1860
100952,1457,775
101002,1458,1860
101447,1463,465
101533,1464,465
103377,1488,119
103883,1496,115
107391,1545,1806
107465,1546,1765
107547,1547,1810
108258,1556,1797
108623,1561,1101
108704,1562,1101
109895,1578,135
110040,1580,153
111001,1595,764
111060,1596,764
111979,1612,152
113531,1636,1752
113600,1637,1716
113672,1638,1761
114436,1648,635
114439,1648,735
114511,1649,735
114584,1650,735
114656,1651,735
114730,1652,735
114805,1653,735
114878,1654,735
114951,1655,735
115024,1656,735
115095,1657,735
115165,1658,735
115236,1659,735
115306,1660,735
115375,1661,735
115444,1662,735
115513,1663,735
115581,1664,735
115649,1665,735
115715,1666,735
115923,1670,149
117041,1688,114
117879,1701,147
118664,1712,692
118733,1713,692
118734,1713,730
118851,1715,1861
118919,1716,1861
119530,1725,1717
121863,1758,143
124814,1802,54
124816,1802,701
124883,1803,54
124885,1803,701
124939,1804,26
125008,1805,26
125794,1816,1742
125797,1816,1771
125942,1818,1699
125947,1818,1749
126072,1820,1272
126149,1821,1272
126416,1824,1809
126611,1826,925
126691,1827,925
126795,1829,1435
126876,1830,1435
126933,1830,733
127015,1831,733
127098,1832,733
127182,1833,733
127187,1834,1094
127265,1834,733
127270,1835,1094
127347,1835,733
127427,1836,733
127506,1837,733
127583,1838,733
127658,1839,733
127729,1840,733
127800,1841,733
127871,1842,733
127942,1843,733
128013,1844,733
128082,1845,733
128148,1846,733
128226,1848,133
128428,1851,167
128595,1854,102
128806,1857,168
129713,1870,773
129784,1871,773
131325,1891,724
131327,1891,772
131369,1892,1702
131405,1892,724
131407,1892,772
131485,1893,724
131487,1893,772
131560,1894,45
131567,1894,772
131631,1895,30
131640,1895,45
131647,1895,772
131682,1896,16
131727,1896,772
131762,1897,16
131807,1897,772
131889,1898,772
131971,1899,772
132433,1905,1743
132692,1908,1769
132783,1909,1811
133303,1915,1759
133764,1920,780
133847,1921,780
133930,1922,780
134014,1923,780
134097,1924,780
134179,1925,780
134258,1926,780
138039,1981,1708
138108,1982,1708
138144,1982,708
138178,1983,1708
138214,1983,708
138340,1985,23
139078,1994,755
139158,1995,755
139238,1996,755
139286,1997,1859
139318,1997,755
139366,1998,1859
139398,1998,755
139478,1999,755
139558,2000,755
139638,2001,755
139718,2002,755
139799,2003,755
139881,2004,755
139964,2005,755
140048,2006,755
140129,2007,755
140207,2008,755
140283,2009,755
140359,2010,755
140435,2011,755
140512,2012,755
140589,2013,755
140665,2014,755
140741,2015,755
140815,2016,755
140888,2017,755
140957,2018,755
141026,2019,755
141093,2020,755
141161,2021,755
141229,2022,755
141295,2023,755
141361,2024,755
141427,2025,755
141495,2026,755
141563,2027,755
141635,2028,774
141703,2029,774
142722,2044,767
142788,2045,767
143054,2049,745
143121,2050,745
144679,2072,720
144740,2073,53
144755,2073,720
144816,2074,50
144843,2075,10
144894,2075,50
145669,2085,1784
145746,2086,1740
146013,2089,550
146095,2090,550
146793,2099,1795
147146,2104,1096
147222,2105,1096
151171,2162,1713
151256,2163,1713
151357,2164,28
151378,2164,67
151442,2165,28
151720,2168,686
152201,2174,1778
152287,2175,1722
152670,2179,758
152756,2180,758
152842,2181,758
152929,2182,758
153017,2183,758
153105,2184,758
153194,2185,758
153283,2186,758
153817,2193,1093
153901,2194,1093
156843,2232,751
156918,2233,751
157623,2242,753
157705,2243,753
157786,2244,753
157868,2245,753
157950,2246,753
158031,2247,738
158033,2247,753
158116,2248,738
158118,2248,753
158201,2249,738
158203,2249,753
158286,2250,738
158371,2251,738
158420,2252,1709
158443,2252,56
158455,2252,738
158458,2252,770
158504,2253,1709
158528,2253,56
158540,2253,738
158543,2253,770
158627,2254,738
158630,2254,770
158714,2255,738
158717,2255,770
158804,2256,770
158892,2257,770
158982,2258,770
159072,2259,770
159163,2260,770
159666,2266,1694
159762,2267,1738
159943,2269,1737
159997,2270,1264
160089,2271,1264
160598,2276,1808
162449,2298,111
162752,2301,92
163643,2313,776
163720,2314,776
163796,2315,776
164875,2330,148
165762,2341,707
165819,2342,18
165840,2342,707
165897,2343,18
165918,2343,707
165946,2344,14
165989,2344,34
166067,2345,34
166239,2347,9
166376,2349,27
166926,2356,1712
167007,2357,1696
167437,2362,1760
168385,2373,1442
168478,2374,1442
169641,2387,766
169720,2388,766
169822,2390,138
169946,2391,742
170021,2392,742
171293,2409,731
171367,2410,731
171441,2411,731
173124,2432,690
173125,2432,713
173210,2433,690
173211,2433,713
173291,2434,60
173379,2435,60
173384,2435,689
174272,2445,1744
174367,2446,1736
174423,2447,1097
174519,2448,1097
177346,2478,169
177510,2480,150
181039,2522,723
181126,2523,723
181183,2524,19
181216,2524,73
181272,2525,19
181305,2525,73
181478,2527,62
182158,2535,1703
182345,2537,1788
182529,2539,1770
182707,2541,1604
182802,2542,1604
184983,2568,155
185361,2573,732
185428,2574,732
185495,2575,732
186574,2592,142
187997,2612,1734
188034,2612,81
188072,2613,1734
188109,2613,81
189876,2634,212
189972,2635,212
191951,2658,137
195254,2702,70
195256,2702,714
195334,2703,70
195336,2703,714
195412,2704,688
195415,2704,703
195493,2705,688
195496,2705,703
195575,2706,688
195645,2707,467
195728,2708,467
195832,2709,811
195916,2710,811
196289,2715,1710
196460,2717,1751
196925,2722,693
197200,2725,923
197285,2726,923
197517,2729,716
197623,2731,1433
197706,2732,1433
200615,2775,109
201417,2786,747
201485,2787,747
201553,2788,747
201620,2789,747
201688,2790,747
201755,2791,747
201821,2792,719
201822,2792,747
201888,2793,719
201889,2793,747
201932,2794,214
202000,2795,214
202725,2805,1773
202881,2807,211
202957,2808,211
205263,2839,743
205324,2840,743
205844,2849,768
205902,2850,768
206773,2866,145
207751,2882,48
207814,2883,48
208587,2895,1775
209986,2914,760
210056,2915,760
210125,2916,760
210193,2917,760
210259,2918,760
210323,2919,760
210386,2920,760
210449,2921,760
210511,2922,754
210512,2922,760
210576,2923,754
210642,2924,754
210707,2925,754
210771,2926,754
212129,2949,157
213601,2972,11
213651,2972,68
213671,2973,11
213721,2973,68
213854,2975,32
214520,2984,711
214572,2985,1785
214718,2987,1745
217126,3018,101
217356,3021,130
218252,3034,103
219972,3056,763
220054,3057,763
220136,3058,763
220218,3059,763
220302,3060,763
220373,3061,29
220386,3061,763
220457,3062,29
220471,3062,763
220542,3063,29
220557,3063,763
220645,3064,763
220650,3064,83
220667,3065,1098
220735,3065,763
220757,3066,1098
220824,3066,763
221627,3075,1807
221817,3077,1772
221853,3077,759
221950,3078,759
222011,3079,1746
222048,3079,759
222147,3080,759
222246,3081,759
222306,3082,1704
222346,3082,759
222446,3083,759
222542,3084,737
222545,3084,759
222641,3085,737
222644,3085,759
222739,3086,737
222834,3087,737
222928,3088,737
223020,3089,737
223112,3090,737
224691,3108,140
224740,3108,740
224823,3109,740
227701,3145,106
228357,3152,1782
228386,3152,702
228476,3153,702
228567,3154,722
228570,3154,74
228656,3155,722
229536,3165,1700
229634,3166,1707
229865,3168,728
229926,3169,1768
230252,3172,709
230461,3174,927
230559,3175,927
230757,3177,929
230886,3179,1438
230982,3180,1438
231134,3181,750
231174,3182,1436
231232,3182,750
231272,3183,1436
231330,3183,750
231427,3184,750
231516,3185,637
231524,3185,750
231620,3186,750
231713,3187,750
231805,3188,750
235489,3234,741
235581,3235,741
235673,3236,741
235765,3237,741
235857,3238,741
235949,3239,741
236042,3240,741
236192,3242,1758
236287,3243,1758
236912,3249,748
237011,3250,748
237110,3251,748
237209,3252,748
237309,3253,748
237408,3254,748
237469,3255,1764
237508,3255,748
237609,3256,748
237711,3257,748
237976,3260,1697
238304,3263,1774
238519,3265,1735
238672,3266,736
238780,3267,736
238887,3268,736
238990,3269,695
238994,3269,736
239100,3270,736
239189,3271,552
239204,3271,736
239294,3272,552
239309,3272,736
239414,3273,736
239501,3274,468
239519,3274,736
239622,3275,736
239722,3276,736
239824,3277,736
239825,3277,739
239927,3278,736
239928,3278,739
240029,3279,736
240030,3279,739
240130,3280,736
240131,3280,739
240231,3281,736
240232,3281,739
240330,3282,736
240331,3282,739
240426,3283,736
240427,3283,739
240522,3284,736
240523,3284,739
240619,3285,736
240716,3286,736
241201,3291,95
244050,3323,104
244937,3331,781
244994,3332,1705
245028,3332,63
245040,3332,781
245096,3333,1705
245130,3333,63
245142,3333,781
245244,3334,781
245280,3335,1434
245345,3335,781
245446,3336,781
245548,3337,781
246331,3345,1796
246632,3348,1612
246737,3349,1612
246843,3350,1603
246950,3351,1603
247035,3352,1269
247144,3353,1269
247358,3355,1266
247465,3356,1266
248212,3363,383
248308,3364,383
249425,3378,156
252575,3422,1799
252603,3422,65
252645,3423,1799
252745,3424,697
252746,3424,729
252815,3425,697
252956,3427,636
253030,3428,636
253372,3433,1733
253662,3437,1263
253740,3438,1263
253818,3439,1267
253895,3440,1267
254528,3448,381
254598,3449,381
255729,3468,91
256892,3492,116
258112,3512,699
258116,3512,80
258177,3513,699
259107,3527,639
259175,3528,639
260130,3542,384
260195,3543,384
260476,3548,1095
260722,3552,1609
261041,3558,128
261097,3559,128
261144,3560,105
262008,3574,734
262070,3575,734
