,timestep_time,vehicle_id
911,55,808
942,56,808
973,57,808
2003,84,821
2046,85,821
2089,86,821
2132,87,821
2177,88,821
2222,89,821
2270,90,821
3140,106,59
3143,106,691
3394,110,710
3710,115,810
3772,116,810
3833,117,810
3866,118,1739
3868,118,1767
3893,118,810
3953,119,810
3987,120,1766
4013,120,810
4075,121,810
4076,121,814
4118,122,302
4138,122,810
4139,122,814
4182,123,302
4202,123,810
4203,123,814
4249,124,385
4265,124,810
4266,124,814
4313,125,385
4329,125,810
4330,125,814
4392,126,810
4393,126,814
4456,127,810
4457,127,814
4521,128,810
4522,128,814
4523,128,818
4585,129,810
4587,129,818
4647,130,810
4649,130,818
4709,131,810
4711,131,818
4771,132,810
4773,132,818
4833,133,810
4835,133,818
4895,134,810
4897,134,818
4956,135,810
5017,136,810
7531,182,769
7587,183,769
7823,187,934
7884,188,934
8307,195,55
8433,197,558
8496,198,558
8614,200,386
8677,201,386
9035,207,1698
9042,207,1805
9098,208,1757
9326,212,1282
9388,213,1282
12749,272,154
12794,272,98
12812,273,154
12857,273,98
13493,283,761
13667,286,1804
13762,287,58
14121,292,824
14194,293,824
14267,294,824
14339,295,824
14410,296,824
14481,297,824
14550,298,824
14752,301,813
14821,302,813
14890,303,813
14958,304,813
15026,305,813
15093,306,813
15159,307,813
15223,308,813
15637,315,802
15697,316,802
15849,319,184
18232,361,118
18294,362,118
18355,363,118
20054,389,1865
20116,390,1865
21789,419,812
21844,420,812
24172,457,1444
24244,458,1444
24940,467,57
25019,468,700
25317,472,69
25417,474,1443
25493,475,1443
25567,476,1443
25650,477,1780
25723,478,1754
25875,480,1789
25979,481,473
26055,482,473
30427,542,1741
30429,542,1762
30501,543,1741
30503,543,1762
30563,544,136
30582,544,1798
30637,545,136
30656,545,1798
30731,546,1798
30807,547,1798
30842,547,765
30919,548,765
31512,556,24
32457,568,1791
32531,569,1781
33764,587,226
33950,590,235
34073,592,242
36643,631,141
36696,632,100
36717,632,141
36770,633,100
36850,634,112
36924,635,112
37600,643,21
37863,646,696
38729,657,1718
38927,659,809
39008,660,809
39020,661,1106
39088,661,809
39100,662,1106
39169,662,809
39249,663,809
39329,664,809
39408,665,809
39487,666,809
39567,667,809
39644,668,809
39718,669,809
39794,670,809
39870,671,809
39946,672,809
40024,673,809
40102,674,809
40178,675,809
40255,676,809
40331,677,809
41348,691,793
41419,692,793
44558,731,108
45097,736,712
45165,737,20
45386,739,71
45590,741,84
46227,748,1714
47961,769,216
50437,803,830
50516,804,830
50596,805,830
50676,806,830
50755,807,830
50834,808,830
50913,809,830
50994,810,830
51114,812,165
51156,812,771
51196,813,165
51240,813,771
51353,815,139
51589,817,941
51678,818,941
51859,820,99
52477,827,715
52742,830,643
52832,831,643
53350,837,1790
55248,858,228
55416,860,239
56381,872,197
56461,873,197
57042,880,823
57117,881,823
57779,890,254
58788,902,746
58875,903,746
59343,909,1276
59434,910,1276
60035,916,51
60377,920,22
60467,921,22
60512,922,1112
60602,923,1112
61273,930,1786
62934,951,244
66203,999,935
66273,1000,935
66582,1005,1721
66655,1006,1803
66710,1007,1445
66779,1008,1445
67437,1017,1756
67503,1018,1719
67600,1019,557
67668,1020,557
68705,1038,195
68804,1040,229
70208,1071,789
70257,1072,789
70305,1073,789
70353,1074,789
70402,1075,789
70450,1076,789
70498,1077,789
70546,1078,789
70595,1079,789
70645,1080,789
70696,1081,789
70712,1082,146
70746,1082,744
70748,1082,789
70764,1083,146
70798,1083,744
70801,1083,789
70854,1084,789
70910,1085,789
70966,1086,789
71022,1087,789
71080,1088,789
71138,1089,789
71196,1090,789
71256,1091,789
71316,1092,789
71376,1093,789
71433,1094,66
71438,1094,789
71500,1095,789
71558,1096,717
71562,1096,789
71624,1097,789
71632,1098,1108
71686,1098,789
71694,1099,1108
71748,1099,789
71810,1100,789
71874,1101,789
71939,1102,789
72004,1103,789
72069,1104,789
72133,1105,789
72197,1106,789
72227,1107,1763
72260,1107,789
72326,1108,789
72391,1109,789
72457,1110,789
72523,1111,789
72589,1112,789
72654,1113,789
72720,1114,789
72786,1115,789
72849,1116,789
72910,1117,789
72970,1118,789
73031,1119,789
73091,1120,789
73151,1121,789
73212,1122,789
73274,1123,789
73336,1124,789
73398,1125,789
73458,1126,783
73459,1126,789
73519,1127,783
73579,1128,783
73638,1129,783
73679,1130,224
75970,1163,828
76046,1164,828
76691,1172,749
76693,1172,762
76778,1173,762
76811,1174,158
76895,1175,158
77291,1179,752
77771,1185,1720
77774,1185,1787
78068,1188,721
78754,1196,304
78845,1197,304
79122,1200,387
79214,1201,387
82798,1247,200
83994,1262,107
84028,1262,1747
84080,1263,107
84115,1263,1747
84172,1264,113
85185,1275,1706
85227,1275,718
85414,1277,694
86055,1284,1793
86350,1287,1777
86735,1291,1616
86834,1292,1616
87065,1294,472
87164,1295,472
87454,1298,300
87851,1302,471
88424,1308,251
88910,1313,799
88999,1314,799
89413,1319,227
92283,1352,151
92376,1353,151
92442,1353,97
92455,1354,117
92548,1355,117
92627,1355,96
93671,1366,1794
93797,1367,52
93805,1367,64
93899,1368,52
93992,1369,33
94431,1373,82
95040,1379,786
95136,1380,786
95230,1381,786
95324,1382,786
95416,1383,786
95506,1384,786
95595,1385,786
95680,1386,786
95765,1387,786
95845,1388,786
95923,1389,786
96001,1390,786
96076,1391,786
96152,1392,786
96228,1393,786
96306,1394,786
96383,1395,786
96461,1396,786
96537,1397,786
97873,1416,223
97942,1417,223
99622,1441,144
99697,1442,144
99707,1442,166
99783,1443,166
100533,1452,822
100616,1453,822
100700,1454,822
100778,1455,72
100784,1455,822
100798,1456,12
100869,1456,822
100954,1457,822
101039,1458,822
101124,1459,822
101759,1467,1755
101762,1467,1783
103875,1495,827
103935,1496,827
103994,1497,827
104562,1506,798
104629,1507,798
106352,1532,119
106407,1532,775
106425,1533,119
106481,1533,775
106571,1535,115
106841,1538,1866
106920,1539,1866
107820,1551,1109
107899,1552,1109
108342,1557,1806
108504,1559,1810
109463,1571,817
109533,1572,817
109602,1573,817
109671,1574,817
109740,1575,817
109809,1576,817
111761,1608,241
111821,1609,241
112589,1622,135
112612,1622,1797
112653,1623,135
112676,1623,1797
112729,1624,153
112740,1624,1797
112793,1625,153
112804,1625,1797
112830,1625,764
112857,1626,153
112919,1627,152
112921,1627,153
113699,1638,559
113769,1639,559
114331,1647,1752
114475,1649,1716
115832,1668,221
116019,1671,240
116140,1673,236
116201,1674,236
117900,1701,182
118619,1712,149
118633,1712,1761
118688,1713,149
118702,1713,1761
118771,1714,1761
118810,1715,114
118824,1715,147
118959,1717,1448
119027,1718,1448
119637,1726,692
119707,1727,555
119781,1728,555
120418,1737,1717
121893,1758,219
121959,1759,219
122027,1760,225
124767,1802,143
124836,1803,143
125754,1815,701
125828,1816,54
125889,1817,26
126007,1819,1447
126083,1820,1447
126652,1827,1771
126734,1828,1771
126813,1829,1749
126890,1830,1699
126895,1830,1749
127258,1834,474
127340,1835,474
128255,1848,188
128387,1850,220
128511,1852,202
131377,1892,1809
131444,1893,167
131457,1893,1809
131526,1894,168
131575,1895,102
131606,1895,168
131655,1896,102
131728,1896,773
131808,1897,773
131977,1899,939
132059,1900,939
132430,1905,1702
132470,1905,724
132623,1907,30
132765,1909,16
133078,1912,772
133177,1914,1103
133264,1915,1103
133474,1917,1743
133728,1920,1769
133902,1922,1867
133986,1923,1867
138111,1982,1759
138115,1982,1811
138181,1983,1759
138370,1985,780
139115,1995,1708
139502,2000,1449
139582,2001,1449
139662,2002,1449
139732,2003,1111
139813,2004,1111
144682,2072,767
144683,2072,774
144758,2073,767
144759,2073,774
144833,2074,745
144911,2075,745
145076,2077,942
145154,2078,942
145785,2086,720
145929,2088,50
146645,2097,1784
146716,2098,1740
146900,2100,644
146976,2101,644
147000,2102,1279
147076,2103,1279
147418,2107,470
148546,2124,215
148606,2125,215
148932,2130,791
148995,2131,791
150109,2148,238
150181,2149,238
150479,2153,192
151175,2162,1795
151260,2163,1795
152372,2176,1713
152474,2177,28
152493,2177,67
153245,2186,1778
155000,2207,203
156170,2223,237
157788,2244,832
157870,2245,832
157952,2246,832
158035,2247,832
158120,2248,832
158205,2249,832
158290,2250,832
158372,2251,751
158456,2252,751
158541,2253,751
159344,2262,753
159667,2266,1709
159692,2266,56
159894,2269,1105
159986,2270,1105
160441,2274,770
160871,2279,1738
160963,2280,1738
162499,2298,230
165777,2342,111
165820,2342,1808
165855,2343,111
165898,2343,1808
165951,2344,148
166029,2345,148
166984,2357,14
167030,2357,34
167364,2361,27
167586,2364,1450
167674,2365,1450
167873,2367,1712
168114,2370,1446
168203,2371,1446
169702,2388,193
171051,2406,222
171126,2407,222
171872,2417,198
172277,2422,250
173069,2432,138
173092,2432,1760
173177,2433,1760
173301,2434,766
173388,2435,742
173389,2435,766
173478,2436,766
173550,2437,301
173641,2438,301
173702,2439,1620
173793,2440,1620
173863,2441,1273
173955,2442,1273
174310,2445,713
174405,2446,690
174494,2447,60
174596,2448,689
174749,2450,1621
174846,2451,1621
175444,2457,1744
175634,2459,1614
175731,2460,1614
175939,2462,1864
176035,2463,1864
177365,2478,231
179709,2506,787
179790,2507,787
179871,2508,787
180988,2522,150
180998,2522,169
181074,2523,150
181084,2523,169
181668,2529,936
181758,2530,936
182291,2536,723
182350,2537,19
182475,2538,73
182657,2540,62
182858,2542,933
182954,2543,933
183473,2549,1788
185004,2568,232
185295,2572,788
185362,2573,788
187961,2611,815
187991,2612,155
187998,2612,1770
188035,2612,815
188073,2613,1770
188110,2613,815
188131,2614,142
188184,2614,815
188259,2615,815
188335,2616,815
188412,2617,815
188490,2618,815
189070,2625,81
190468,2640,811
190560,2641,811
190652,2642,811
190744,2643,811
190834,2644,811
190923,2645,811
191011,2646,811
191099,2647,811
191184,2648,811
191269,2649,811
191355,2650,811
191439,2651,811
191523,2652,811
191606,2653,811
191689,2654,811
191770,2655,811
191851,2656,811
191932,2657,811
191985,2658,218
192012,2658,811
192091,2659,811
192132,2660,180
192171,2660,811
192249,2661,811
192293,2662,187
192527,2665,234
192602,2666,234
195199,2702,137
195279,2703,137
195841,2709,937
195925,2710,937
196165,2713,804
196249,2714,804
196332,2715,714
196334,2715,804
196419,2716,804
196500,2717,703
196503,2717,804
196535,2718,1613
196587,2718,804
196619,2719,1613
196671,2719,804
196757,2720,804
196843,2721,804
196844,2721,807
196931,2722,807
197017,2723,807
197103,2724,807
197163,2725,389
197190,2725,807
197249,2726,389
197275,2726,807
197311,2727,1710
197357,2727,807
197438,2728,807
197475,2729,1751
197519,2729,807
197601,2730,807
197683,2731,807
197766,2732,807
197850,2733,807
197933,2734,807
198016,2735,807
198098,2736,807
198178,2737,807
198255,2738,807
198330,2739,807
198402,2740,807
198475,2741,807
198547,2742,807
198618,2743,807
198688,2744,807
198757,2745,807
198825,2746,807
201817,2792,693
201820,2792,716
201884,2793,693
201887,2793,716
201890,2793,801
201907,2794,109
201958,2794,801
201975,2795,109
202027,2795,801
202097,2796,801
202167,2797,801
202238,2798,801
202832,2806,719
202833,2806,747
202901,2807,642
202978,2808,642
203056,2809,642
203663,2817,1773
204275,2825,1277
204398,2826,782
204469,2827,782
204538,2828,782
204577,2829,1863
204606,2829,782
204610,2829,816
204676,2830,782
204680,2830,816
204745,2831,782
204748,2831,816
204813,2832,782
204816,2832,816
204879,2833,782
204882,2833,816
204945,2834,782
204948,2834,816
205011,2835,782
205014,2835,816
205076,2836,782
205079,2836,816
205177,2838,201
207700,2881,743
207762,2882,743
207827,2883,768
207852,2884,145
207915,2885,145
208717,2897,1622
208787,2898,1622
208857,2899,1618
208928,2900,1618
209449,2907,1775
209450,2907,1776
210009,2915,1274
210881,2928,189
212161,2949,792
212220,2950,792
213620,2972,157
213653,2972,754
213690,2973,157
213723,2973,754
213795,2974,826
213865,2975,826
213936,2976,826
214008,2977,826
214080,2978,826
214153,2979,826
214227,2980,826
214301,2981,826
214736,2987,32
215385,2995,711
215597,2998,1745
215814,3001,1281
215895,3002,1281
218229,3033,252
219893,3055,819
219975,3056,819
220057,3057,819
220137,3058,790
220139,3058,819
220219,3059,790
220221,3059,819
220303,3060,790
220304,3060,797
220305,3060,819
220387,3061,790
220388,3061,797
220389,3061,819
220399,3062,101
220403,3062,103
220472,3062,790
220473,3062,797
220484,3063,101
220558,3063,790
220559,3063,797
220570,3064,101
220646,3064,790
220647,3064,797
220736,3065,790
220737,3065,797
220825,3066,790
220826,3066,797
220915,3067,790
220916,3067,797
221005,3068,790
221006,3068,797
221096,3069,790
221187,3070,790
221279,3071,790
221372,3072,790
221466,3073,790
221562,3074,790
221640,3075,29
221659,3075,790
221757,3076,790
221761,3076,83
221855,3077,790
221952,3078,790
222049,3079,763
222051,3079,790
222150,3080,790
222249,3081,790
222349,3082,790
222449,3083,790
222548,3084,790
222647,3085,790
222745,3086,790
222807,3087,1807
222840,3087,790
222897,3088,1772
222934,3088,790
222990,3089,1779
223026,3089,790
223118,3090,790
223212,3091,790
223306,3092,790
223401,3093,790
223494,3094,790
223586,3095,790
223678,3096,790
223770,3097,790
223862,3098,790
223952,3099,790
224041,3100,790
224130,3101,790
224220,3102,790
224310,3103,790
224399,3104,790
224487,3105,790
224574,3106,790
224660,3107,790
224662,3107,803
224746,3108,803
224890,3110,204
225165,3113,805
225247,3114,805
227743,3145,185
228350,3152,1704
228352,3152,1746
228440,3153,1704
228442,3153,1746
228512,3154,140
228601,3155,140
228840,3157,740
228944,3159,106
229544,3165,1782
229574,3165,702
229864,3168,722
230704,3177,1700
231041,3180,820
231131,3181,728
231138,3181,820
231229,3182,728
231236,3182,820
231252,3183,1110
231334,3183,820
231349,3184,1110
231431,3184,820
231528,3185,820
231624,3186,820
234967,3228,831
235050,3229,831
235135,3230,831
235222,3231,831
235311,3232,831
235403,3233,831
235496,3234,831
236194,3242,1768
236232,3242,750
236289,3243,1768
236327,3243,750
236643,3247,1278
236741,3248,1278
237468,3255,1758
237649,3257,1451
238076,3261,1619
238183,3262,1619
238738,3267,1764
238942,3269,1615
239049,3270,1615
239318,3272,825
239423,3273,825
239528,3274,825
239631,3275,825
239732,3276,825
239834,3277,825
239936,3278,825
240038,3279,825
240877,3288,181
241168,3291,233
241372,3293,784
241461,3294,784
241520,3295,190
241550,3295,784
243217,3314,183
243842,3320,785
243940,3321,785
244738,3329,795
244839,3330,795
244940,3331,795
244998,3332,1774
245038,3332,748
245043,3332,795
245100,3333,1774
245140,3333,748
245145,3333,795
245238,3334,695
245247,3334,795
245253,3334,95
245339,3335,695
245348,3335,795
245354,3335,95
245440,3336,695
245449,3336,795
245765,3340,104
245967,3341,938
246070,3342,938
246360,3345,63
246429,3346,1705
246515,3347,1452
246620,3348,1452
247007,3351,781
247026,3352,1107
247135,3353,1107
247505,3356,1796
247972,3361,1280
248068,3362,1280
249447,3378,199
251901,3412,796
251974,3413,796
252046,3414,796
252118,3415,796
252188,3416,796
252259,3417,796
252330,3418,796
252400,3419,796
252470,3420,796
252540,3421,796
252563,3422,156
252610,3422,796
252633,3423,156
252680,3423,796
252726,3424,303
252750,3424,796
252796,3425,303
252820,3425,796
252891,3426,796
252965,3427,796
253039,3428,796
253113,3429,796
253188,3430,796
253263,3431,796
253339,3432,796
253416,3433,796
253493,3434,796
253531,3435,1799
253563,3435,65
253570,3435,796
253648,3436,796
253721,3437,697
253722,3437,729
253726,3437,796
253803,3438,796
253880,3439,796
253956,3440,796
254033,3441,796
254109,3442,796
254184,3443,796
254186,3443,829
254258,3444,796
254260,3444,829
254332,3445,796
254334,3445,829
254387,3446,388
254405,3446,796
254407,3446,829
254458,3447,388
254476,3447,796
254478,3447,829
254529,3448,388
254545,3448,796
254547,3448,829
254573,3449,1617
254615,3449,796
254617,3449,829
254643,3450,1617
254685,3450,796
254687,3450,829
254753,3451,796
254755,3451,829
254821,3452,796
254823,3452,829
254888,3453,796
254890,3453,829
254954,3454,796
254956,3454,829
255020,3455,796
255022,3455,829
255084,3456,796
255086,3456,829
255146,3457,796
255148,3457,829
255206,3458,796
255208,3458,829
255263,3459,796
255265,3459,829
255319,3460,796
255321,3460,829
255374,3461,796
255376,3461,829
255428,3462,796
255430,3462,829
255480,3463,796
255482,3463,829
255531,3464,796
255533,3464,829
255581,3465,796
255583,3465,829
255629,3466,796
255631,3466,829
255655,3467,186
255679,3467,829
255703,3468,186
258065,3512,116
258129,3513,116
258302,3515,556
258368,3516,556
258976,3525,699
258980,3525,80
259540,3534,1104
259611,3535,1104
260751,3552,794
260805,3553,794
260860,3554,794
260914,3555,794
260968,3556,794
261023,3557,794
261062,3558,217
261890,3572,806
261951,3573,806
