,timestep_time,vehicle_id
96,18,1089
104,19,1089
113,20,1089
122,21,1089
133,22,1089
146,23,1089
160,24,1089
176,25,1089
193,26,1089
210,27,1089
227,28,1089
244,29,1089
262,30,1089
281,31,1089
300,32,1089
320,33,1089
340,34,1089
360,35,1089
382,36,1089
405,37,1089
429,38,1089
454,39,1089
479,40,1068
480,40,1089
505,41,1068
506,41,1089
531,42,1068
532,42,1089
557,43,1068
558,43,1089
582,44,1068
583,44,1089
609,45,1068
610,45,1089
635,46,1014
636,46,1068
637,46,1089
662,47,1014
689,48,1014
707,48,365
716,49,1014
1075,61,1163
1107,62,1163
1774,79,421
2368,92,885
2369,92,897
2417,93,885
2418,93,897
2631,97,977
2693,99,1301
2748,100,1301
3159,107,1001
3361,110,1467
3424,111,1467
3651,114,821
3924,119,1639
3984,120,1639
4031,121,1125
4093,122,1125
4157,123,1125
4221,124,1125
4284,125,1125
4348,126,1125
4411,127,1125
4474,128,1125
5207,140,1091
5263,141,1091
5320,142,1091
5628,147,413
6668,166,374
6720,167,374
7537,182,884
7538,182,891
7593,183,884
7594,183,891
7773,187,1298
7832,188,1298
8348,196,1767
8501,198,818
8770,203,1035
8833,204,1035
8897,205,1035
8961,206,1035
9021,207,1035
9067,207,769
9081,208,1035
9141,209,1035
9201,210,1035
9261,211,1035
9323,212,1035
9385,213,1035
9447,214,1035
9508,215,1035
9567,216,1035
9623,217,1035
9681,218,1035
9738,219,1035
9795,220,1035
9851,221,1035
9907,222,1035
9963,223,1035
10021,224,1035
10080,225,1035
10138,226,1034
10139,226,1035
10194,227,1034
10251,228,1034
10307,229,1034
10678,236,1136
10731,237,1136
10977,241,423
11383,249,1024
11439,250,1024
12008,260,1144
12067,261,1144
12120,262,1022
12126,262,1144
12180,263,1022
12186,263,1144
12246,264,1144
12306,265,1144
12367,266,1144
12428,267,1144
12489,268,1144
12550,269,1144
12612,270,1144
12674,271,1144
12736,272,1144
12770,272,325
12793,272,979
12799,273,1144
12856,273,979
12862,274,1144
12925,275,1144
12989,276,1144
13053,277,1144
13117,278,1144
13181,279,1144
13245,280,1144
13310,281,1144
13375,282,1144
13440,283,1144
13506,284,1144
13574,285,1144
13642,286,1144
13668,286,1805
13710,287,1144
13779,288,1144
13788,288,1463
13848,289,1144
13857,289,1463
13918,290,1144
13928,290,1470
13989,291,1144
13999,291,1470
14061,292,1144
14134,293,1144
14207,294,1144
14279,295,1144
14351,296,1144
14422,297,1144
14435,297,154
14493,298,1144
14562,299,1144
14629,300,1144
14696,301,1144
14765,302,1144
14834,303,1144
14902,304,1144
14970,305,1144
15038,306,1144
15104,307,1144
15169,308,1144
15232,309,1144
15292,310,1144
15351,311,1144
15506,313,405
16285,327,1121
16342,328,1121
16435,329,412
16492,330,412
16567,332,1075
16622,333,1075
16788,336,1155
16842,337,1155
18266,361,321
18317,362,1804
18378,363,1804
18863,371,1293
18927,372,1293
19170,375,802
19171,375,824
19834,386,118
21159,408,367
21681,418,1045
21736,419,1045
22442,431,1051
22503,432,1051
22687,435,1115
22750,436,1115
22879,438,1151
22942,439,1151
23005,440,1151
23068,441,1151
23134,442,1151
23200,443,1151
23266,444,1151
23332,445,1151
23399,446,1151
23466,447,1151
23533,448,1151
23601,449,1151
23669,450,1151
23738,451,1151
23806,452,1151
23875,453,1151
23911,453,280
23944,454,1151
24014,455,1151
24085,456,1151
24156,457,1151
24166,457,1300
24228,458,1151
24238,458,1300
24300,459,1151
24372,460,1151
24444,461,1151
24516,462,1151
24586,462,994
24589,463,1151
24662,464,1151
24735,465,1151
24807,466,1151
24879,467,1151
24947,467,902
24953,468,1151
25027,469,1151
25102,470,1151
25177,471,1151
25252,472,1151
25327,473,1151
25402,474,1151
25475,475,1052
25477,475,1151
25550,476,1052
25552,476,1151
25624,477,1052
25626,477,1151
25698,478,1052
25700,478,1151
25773,479,1052
25774,479,1151
25848,480,1052
25849,480,1151
25923,481,1052
25924,481,1151
25999,482,1052
26000,482,1151
26076,483,1052
26077,483,1151
26154,484,1052
26155,484,1151
26233,485,1052
26234,485,1151
26311,486,1052
26312,486,1151
26386,487,1052
26387,487,1151
26463,488,1052
26464,488,1151
26539,489,1052
26540,489,1151
26616,490,1052
26617,490,1151
26693,491,1052
26694,491,1151
26770,492,1052
26771,492,1151
26848,493,1052
26849,493,1151
26926,494,1052
26927,494,1151
27003,495,1052
27004,495,1151
27079,496,1025
27080,496,1052
27081,496,1151
27156,497,1025
27158,497,1151
27231,498,1025
27306,499,1025
27428,500,409
27502,501,409
27643,503,371
27859,506,398
28075,509,363
28295,512,402
29216,525,420
30258,540,1162
30331,541,1162
30393,541,700
30405,542,1162
30445,542,329
30467,542,700
30479,543,1162
30519,543,329
30541,543,700
30553,544,1162
30627,545,1162
30633,545,1299
30702,546,1162
30708,546,1299
30778,547,1162
30854,548,1162
30932,549,1162
31009,550,1162
31084,551,1135
31086,551,1162
31161,552,1135
31163,552,1162
31238,553,1135
31240,553,1162
31315,554,1135
31317,554,1162
31392,555,1135
31394,555,1162
31456,555,69
31470,556,1135
31472,556,1162
31497,556,1780
31546,557,1135
31548,557,1162
31571,557,1754
31575,557,1789
31625,558,1135
31627,558,1162
31704,559,1135
31706,559,1162
31748,559,253
31784,560,1135
31786,560,1162
31863,561,1135
31865,561,1162
31944,562,1135
31946,562,1162
32027,563,1162
32108,564,1162
32190,565,1162
32266,566,1071
32270,566,1162
32346,567,1071
32350,567,1162
32374,567,1762
32425,568,1071
32429,568,1162
32502,569,1071
32506,569,1162
32577,570,1071
32581,570,1162
32650,571,1071
32654,571,1162
32722,572,1071
32727,572,1162
32794,573,1071
32799,573,1162
32870,574,1162
32940,575,1162
33011,576,1162
33081,577,1162
33150,578,1162
33218,579,1162
33284,580,1162
33348,581,1162
33413,582,1162
33477,583,1162
33540,584,1162
33604,585,1162
33665,586,1092
33668,586,1162
33729,587,1092
33791,588,1092
33835,588,400
33853,589,1092
34772,603,411
35644,617,1106
35711,618,1106
36053,623,1004
36124,624,1004
36734,632,1798
36751,632,24
36808,633,1798
36825,633,24
36913,634,886
36926,635,1143
36988,635,886
37001,636,1143
37076,637,1143
37153,638,1143
37156,638,1170
37231,639,1143
37234,639,1170
37310,640,1143
37313,640,1170
37394,641,1170
37475,642,1170
37557,643,1170
37639,644,1170
37721,645,1170
37747,645,1781
37749,645,1791
37803,646,1170
37884,647,1170
37956,648,1063
37965,648,1170
38038,649,1063
38085,649,191
38120,650,1063
38174,650,235
38202,651,1063
38284,652,1063
38339,652,242
38366,653,1063
38448,654,1063
38456,654,1167
38539,655,1167
38622,656,1167
38696,657,1060
38705,657,1167
38776,658,1060
38785,658,1167
38856,659,1060
38865,659,1167
38935,660,1060
38944,660,1167
39016,661,1060
39025,661,1167
39096,662,1060
39105,662,1167
39176,663,1060
39256,664,1060
39336,665,1060
39415,666,1060
39495,667,1060
39575,668,1060
39652,669,1060
40186,676,1028
40263,677,1028
40339,678,1028
40389,678,368
40570,681,1099
40642,682,1099
40714,683,1099
41214,690,1010
41286,691,1010
41357,692,1010
43789,722,21
43812,722,696
43877,723,21
43900,723,696
43990,724,696
44001,724,957
44063,725,277
44091,725,957
44153,726,277
44386,729,1295
44478,730,1295
44556,731,1062
44648,732,1062
44741,733,1062
44834,734,1062
44927,735,1062
44959,735,1718
45021,736,1062
45116,737,1062
45136,737,1472
45212,738,1062
45232,738,1472
47893,768,361
48112,771,401
48348,775,1102
48415,776,1102
48480,777,1102
51078,811,903
51086,812,108
51160,812,903
51168,813,108
51244,813,903
51249,814,1000
51334,815,1000
51336,815,1064
51381,815,20
51421,816,1064
51507,817,1064
51549,817,1875
51595,818,1064
51638,818,1875
51684,819,1064
51774,820,1064
51864,821,1064
51954,822,1064
52387,826,71
52611,829,1714
53039,834,1112
53118,834,830
53132,835,1112
53226,836,1112
53318,837,1112
53345,837,165
53409,838,1112
53487,838,771
53501,839,1112
53592,840,1112
53684,841,1112
53776,842,1112
53868,843,1112
53960,844,1112
54052,845,1112
54145,846,1112
54236,847,1112
54326,848,1112
54416,849,1112
54507,850,1112
54546,850,1874
54597,851,1112
54636,851,1874
54686,852,1112
54775,853,1112
54862,854,1112
54949,855,1112
55035,856,1112
55121,857,1112
55255,858,370
56895,879,1030
56972,880,1030
57049,881,1030
58794,902,895
58849,903,25
58881,903,895
59027,905,289
59074,906,1294
59163,907,1294
59253,908,1294
59917,915,1790
60196,918,197
60289,919,239
60381,920,254
60501,921,823
61047,927,746
61173,929,159
61401,931,654
61490,932,654
61535,933,1640
61622,934,1640
61793,936,1637
62314,943,1164
62387,944,1164
62460,945,1164
63162,955,1122
63227,956,1122
63292,957,1122
64063,968,407
64557,976,1019
64625,977,1019
64693,978,1019
65702,992,315
65725,992,906
65770,993,315
65792,993,906
65864,994,999
65931,995,999
65961,996,1876
65999,996,999
66029,997,1876
66097,998,1876
66584,1005,1786
66699,1007,1108
66768,1008,1108
66803,1008,244
66838,1009,1108
66908,1010,1108
66921,1010,1468
66980,1011,1108
66993,1011,1468
67053,1012,1108
67126,1013,1108
67200,1014,1108
67274,1015,1108
67339,1015,901
67347,1016,1108
67416,1017,1108
67483,1018,1108
67551,1019,1108
67619,1020,1108
67687,1021,1108
67748,1021,890
67756,1022,1108
67823,1023,1108
67890,1024,1108
67956,1025,1108
68022,1026,1108
68083,1027,1108
68143,1028,1108
68202,1029,1108
68257,1030,1108
68311,1031,1108
68364,1032,1108
68418,1033,1108
68472,1034,1108
68526,1035,1108
68578,1036,1108
68630,1037,1108
69835,1064,1154
69881,1065,1154
69928,1066,1154
70669,1081,1721
70720,1082,1721
70725,1082,1803
70772,1083,1721
71265,1092,1131
71325,1093,1131
71385,1094,1131
71448,1095,1131
71467,1095,1756
71510,1096,1131
71526,1096,1719
71572,1097,1131
71634,1098,1131
71663,1098,195
71696,1099,1131
71757,1100,1131
71819,1101,1131
72215,1107,146
72267,1108,1116
72333,1109,1116
72398,1110,1116
72464,1111,1116
72530,1112,1116
72596,1113,1116
72661,1114,1116
72727,1115,1116
72793,1116,1116
72853,1117,1116
72914,1118,1116
72974,1119,1116
73035,1120,1116
73095,1121,1116
73156,1122,1116
73218,1123,1116
73280,1124,1116
73342,1125,1116
73404,1126,1116
73463,1127,1088
73465,1127,1116
73524,1128,1088
73584,1129,1088
73644,1130,1114
73706,1131,1114
73768,1132,1114
74005,1135,414
74808,1148,1040
74812,1148,1124
74877,1149,1040
74946,1150,1040
76686,1172,66
76688,1172,717
76771,1173,66
76773,1173,717
76834,1174,275
76856,1174,66
76868,1174,974
76918,1175,275
76952,1175,974
77038,1176,974
77096,1177,336
77123,1177,971
77209,1178,971
77262,1179,279
77297,1179,971
77355,1180,326
77443,1181,326
77563,1183,1016
77651,1184,1016
77737,1185,1016
77773,1185,1763
77822,1186,1016
77907,1187,1016
77992,1188,1016
78078,1189,1016
78166,1190,1016
78253,1191,1016
78340,1192,1016
78429,1193,1016
78518,1194,1016
78608,1195,1016
78699,1196,1016
78792,1197,1016
78871,1197,749
78882,1198,1016
78973,1199,1016
78998,1199,158
79064,1200,1016
79155,1201,1016
79228,1201,651
79248,1202,1016
79321,1202,651
79341,1203,1016
79432,1204,1016
79524,1205,1016
79614,1206,1016
79703,1207,1016
79790,1208,1016
79873,1209,1016
79955,1210,1016
80037,1211,1016
80118,1212,1016
80200,1213,1016
80282,1214,1016
80363,1215,1016
80441,1216,1016
80445,1216,1087
80522,1217,1087
80598,1218,1057
80600,1218,1087
80676,1219,1057
80678,1219,1087
80752,1220,1046
80829,1221,1046
80902,1222,1003
80976,1223,1003
81048,1224,1003
81994,1237,1069
82067,1238,1069
83242,1253,1100
83325,1254,1100
83410,1255,1149
83493,1256,1149
83577,1257,1149
83661,1258,1149
83745,1259,1149
83829,1260,1149
83914,1261,1149
83941,1261,1720
84027,1262,1720
84068,1262,752
84114,1263,1720
84155,1263,752
84219,1264,31
84255,1265,1077
84293,1265,1787
84342,1266,1077
84414,1266,721
84429,1267,1077
84503,1267,721
84510,1267,960
84519,1268,1077
84609,1269,1077
84699,1270,1077
84729,1270,1641
84819,1271,1641
85020,1273,200
85436,1278,1117
85452,1278,1469
85532,1279,1117
85548,1279,1469
85628,1280,1117
85724,1281,1117
85820,1282,1117
85917,1283,1117
86016,1284,1117
86115,1285,1117
86200,1285,899
86214,1286,1117
86308,1287,107
86313,1287,1117
86412,1288,1117
86512,1289,1117
86513,1289,113
86610,1290,1117
86708,1291,1117
86807,1292,1117
86906,1293,1117
87006,1294,1117
87105,1295,1117
87109,1295,1165
87204,1296,1117
87208,1296,1165
87304,1297,1117
87308,1297,1165
87403,1298,1117
87407,1298,1165
87503,1299,1117
87507,1299,1165
87602,1300,1117
87606,1300,1165
87699,1301,1117
87703,1301,1165
87795,1302,1117
87892,1303,1117
87987,1304,1074
87991,1304,1117
88086,1305,1074
88090,1305,1117
88180,1306,1044
88187,1306,1117
88275,1307,1044
88369,1308,1044
88378,1308,1142
88472,1309,1142
92337,1352,718
92350,1352,973
92430,1353,718
92443,1353,973
92533,1354,958
92626,1355,958
92760,1357,1635
92856,1358,1635
93285,1362,480
93386,1363,480
93667,1366,1748
93722,1366,975
93887,1368,251
93976,1369,1793
94178,1371,1777
94435,1373,909
94783,1377,151
94963,1379,117
97201,1407,1129
97272,1408,1129
98503,1425,396
99715,1442,1794
99738,1442,61
99758,1443,1101
99791,1443,1794
99814,1443,61
99834,1444,1101
99881,1444,337
99890,1444,61
99910,1445,1002
99911,1445,1101
99957,1445,337
99986,1446,1002
99987,1446,1101
100064,1447,1101
100109,1447,283
100141,1448,1101
100221,1449,1101
100301,1450,1101
100381,1451,1101
100461,1452,1101
100538,1452,956
100542,1453,1101
100625,1454,1101
100709,1455,1101
100759,1455,33
100793,1456,1101
100859,1456,64
100878,1457,1101
100963,1458,1101
101038,1458,82
101048,1459,1101
101133,1460,1101
101143,1460,1297
101218,1461,1101
101220,1461,1134
101228,1461,1297
101304,1462,1101
101306,1462,1134
101314,1462,1297
101390,1463,1101
101392,1463,1134
101451,1463,567
101475,1464,1101
101477,1464,1134
101537,1464,567
101561,1465,1101
101563,1465,1134
101646,1466,1101
101648,1466,1134
101730,1467,1101
101732,1467,1134
101812,1468,1101
101814,1468,1134
101838,1468,166
101894,1469,1101
101896,1469,1134
101976,1470,1101
102058,1471,1101
102140,1472,1101
102223,1473,1101
102306,1474,1101
102390,1475,1101
102475,1476,1101
102557,1477,1101
102637,1478,1101
102716,1479,1101
102795,1480,1101
102873,1481,1101
102949,1482,1101
103022,1483,1101
103093,1484,1101
103163,1485,1101
103233,1486,1101
103303,1487,1109
103372,1488,1109
103419,1488,362
103439,1489,1109
103504,1490,1007
103569,1491,1007
103634,1492,1007
105251,1517,1029
105320,1518,1029
105440,1519,406
106406,1532,72
106414,1532,893
106480,1533,72
106488,1533,893
107108,1541,887
107466,1546,1783
107501,1546,822
107618,1548,1755
108310,1557,119
108373,1557,775
108547,1560,115
112144,1615,1137
112206,1616,1137
112268,1617,1137
112330,1618,1137
112392,1619,1137
112454,1620,1137
112517,1621,1137
112641,1622,888
112705,1623,888
112757,1624,322
112821,1625,322
113037,1629,1296
113102,1630,1296
113463,1635,1765
113467,1635,1806
113608,1637,1810
113906,1641,241
114740,1653,1126
114815,1654,1126
114888,1655,1126
114961,1656,1126
115034,1657,1126
115104,1658,1126
115173,1659,1058
115174,1659,1126
115244,1660,1058
115313,1661,1058
115382,1662,1058
115451,1663,1058
115520,1664,1058
115588,1665,1058
117039,1688,1123
117102,1689,1123
118623,1712,152
118636,1712,1797
118692,1713,152
118705,1713,1797
118830,1715,153
118874,1715,961
118898,1716,153
118999,1717,335
119011,1717,967
119079,1718,967
119531,1725,1752
119606,1726,1792
119698,1727,240
119746,1728,1716
119793,1729,1152
119843,1729,196
119867,1730,1152
119919,1730,236
119941,1731,1152
120015,1732,1152
120090,1733,1152
120165,1734,1152
120241,1735,1152
120406,1737,149
120492,1738,1761
120533,1739,114
120620,1740,147
120692,1741,147
121717,1756,1013
121785,1757,1013
121852,1758,1013
121966,1759,424
122651,1770,1094
122718,1771,1094
122785,1772,1094
124802,1802,278
124818,1802,730
124871,1803,278
124887,1803,730
124941,1804,285
125448,1811,481
125459,1812,1103
125523,1812,481
125534,1813,1103
125610,1814,1103
125686,1815,1103
125716,1815,1717
125762,1816,1103
125838,1817,1103
125914,1818,1103
125979,1818,483
125990,1819,1103
126055,1819,483
126066,1820,1103
126132,1820,483
126143,1821,1103
126220,1822,1103
126299,1823,1103
126379,1824,1103
126458,1825,1103
126537,1826,1103
126616,1827,1103
126696,1828,1103
126777,1829,1103
126806,1829,1634
126857,1830,1103
126887,1830,1634
126939,1831,1103
127021,1832,1103
127104,1833,1103
127188,1834,1103
127271,1835,1103
127353,1836,1103
127433,1837,1103
127512,1838,1103
127589,1839,1103
127664,1840,1103
127735,1841,1103
127806,1842,1103
127877,1843,1103
127948,1844,1103
128019,1845,1103
128088,1846,1103
128090,1846,1158
128155,1847,1158
128220,1848,1158
128283,1849,1158
130312,1879,1119
130389,1880,1119
131179,1890,1111
131258,1891,1111
131337,1892,1111
131388,1892,26
131404,1892,701
131417,1893,1111
131468,1893,26
131484,1893,701
131497,1894,1111
131577,1895,1111
131633,1895,316
131657,1896,1111
131661,1896,1172
131713,1896,316
131737,1897,1111
131741,1897,1172
131817,1898,1111
131821,1898,1172
131899,1899,1111
131901,1899,1132
131903,1899,1172
131975,1899,883
131981,1900,1111
131983,1900,1132
131985,1900,1172
132063,1901,1111
132065,1901,1132
132067,1901,1172
132145,1902,1111
132147,1902,1132
132149,1902,1172
132228,1903,1111
132230,1903,1132
132232,1903,1172
132313,1904,1111
132315,1904,1132
132398,1905,1111
132400,1905,1132
132437,1905,1771
132482,1906,1111
132484,1906,1132
132567,1907,1111
132569,1907,1132
132653,1908,1111
132655,1908,1132
132690,1908,1749
132740,1909,1111
132742,1909,1132
132827,1910,1111
132829,1910,1132
132880,1910,202
132914,1911,1111
132916,1911,1132
133002,1912,1111
133004,1912,1132
133090,1913,1111
133178,1914,1111
133265,1915,1111
133352,1916,1111
133439,1917,1111
133480,1917,1809
133526,1918,1111
133610,1919,1111
133637,1919,168
133691,1920,1111
133773,1921,1111
133856,1922,1111
133939,1923,1111
134023,1924,1111
134106,1925,1111
134188,1926,1111
134267,1927,1111
134348,1928,1111
134427,1929,1111
134506,1930,1111
134585,1931,1111
134662,1932,1111
134736,1933,1111
134809,1934,1111
134882,1935,1111
134953,1936,1008
134955,1936,1111
135027,1937,1008
135029,1937,1111
135100,1938,1008
135102,1938,1111
135154,1938,395
135173,1939,1008
135225,1939,395
135244,1940,1008
135315,1941,1008
136411,1957,1054
136475,1958,1054
138145,1982,724
138148,1982,773
138215,1983,724
138218,1983,773
138266,1984,30
138297,1984,953
138374,1985,953
138528,1987,900
138531,1987,998
138661,1989,484
138740,1990,484
139009,1994,1009
139089,1995,1009
139169,1996,1009
139239,1996,772
139249,1997,1009
139329,1998,1009
139359,1998,1769
139409,1999,1009
139467,1999,569
139489,2000,1009
139547,2000,569
139569,2001,1009
139649,2002,1009
139729,2003,1009
139810,2004,1009
139892,2005,1009
139975,2006,1009
140059,2007,1009
140091,2007,1811
140140,2008,1009
140167,2008,1759
140218,2009,1009
140294,2010,1009
140370,2011,1009
140447,2012,1009
140524,2013,1009
140601,2014,1009
140678,2015,1009
140754,2016,1009
140827,2017,1009
140900,2018,1009
140969,2019,1009
141038,2020,1009
141105,2021,1009
141173,2022,1009
141241,2023,1009
141307,2024,1009
141373,2025,1009
141439,2026,1009
141440,2026,1096
141508,2027,1096
141577,2028,1096
141645,2029,1096
142601,2043,1141
142669,2044,1141
144641,2072,1708
144686,2072,894
144715,2073,1708
144762,2073,894
144810,2074,338
144884,2075,23
144888,2075,338
145679,2085,243
146014,2089,565
146096,2090,565
146685,2097,774
147297,2106,1093
147372,2107,1093
147446,2108,1093
147519,2109,1093
147589,2110,1093
147659,2111,1093
147729,2112,1093
147799,2113,1093
147870,2114,1093
147941,2115,1093
148011,2116,1093
148079,2117,1038
148146,2118,1038
148185,2118,364
148213,2119,1038
148855,2129,403
151212,2162,720
151219,2162,912
151297,2163,720
151304,2163,912
151359,2164,328
151392,2164,993
151444,2165,328
151476,2165,993
151613,2167,286
151800,2169,653
151886,2170,653
152289,2175,1784
152471,2177,238
152595,2179,1105
152681,2180,1105
152768,2181,1105
152854,2182,1105
152941,2183,1105
153029,2184,1105
153113,2184,965
153117,2185,1105
153206,2186,1105
153295,2187,1105
153334,2187,1795
153383,2188,1105
153415,2188,1638
153470,2189,1105
153503,2189,1638
153557,2190,1105
153644,2191,1105
153731,2192,1105
153818,2193,1105
153902,2194,1105
153987,2195,1105
154071,2196,1105
154154,2197,1105
154236,2198,1105
154317,2199,1105
154399,2200,1105
154481,2201,1105
154562,2202,1105
154641,2203,1105
154721,2204,1105
154801,2205,1105
154879,2206,1105
154880,2206,1120
154881,2206,1169
154959,2207,1120
154960,2207,1169
155034,2208,1120
155108,2209,1120
157795,2245,1153
157877,2246,1153
157959,2247,1153
158042,2248,1153
158127,2249,1153
158212,2250,1153
158297,2251,1153
158382,2252,1153
158421,2252,1713
158453,2252,67
158466,2253,1153
158505,2253,1713
158538,2253,67
158552,2254,1153
158635,2254,996
158639,2255,1153
158695,2255,28
158722,2255,996
158726,2256,1153
158813,2257,1153
158879,2257,568
158901,2258,1153
158968,2258,568
158991,2259,1153
159081,2260,1153
159172,2261,1153
159263,2262,1153
159354,2263,1153
159445,2264,1153
159536,2265,1153
159580,2265,1722
159626,2266,1153
159673,2266,1778
159716,2267,1153
159771,2267,203
159806,2268,1153
159864,2268,237
159897,2269,1153
159989,2270,1153
160081,2271,1153
160173,2272,1153
160265,2273,1153
160357,2274,1153
160442,2274,832
160450,2275,1153
160545,2276,1153
160639,2277,1153
160721,2277,751
160731,2278,1153
160823,2279,1153
160916,2280,1153
161009,2281,1153
161101,2282,1153
161193,2283,1153
161285,2284,1153
161376,2285,1153
161466,2286,1153
161554,2287,1153
161641,2288,1153
161727,2289,1153
161812,2290,1153
161896,2291,1153
161977,2292,1153
162058,2293,1153
162137,2294,1153
162216,2295,1153
162294,2296,1153
164104,2320,1097
164179,2321,1097
164254,2322,1097
164312,2322,360
164704,2328,1148
164781,2329,1148
164858,2330,1148
164935,2331,1148
165012,2332,1148
165089,2333,1148
165166,2334,1148
165243,2335,1148
165814,2342,1709
165842,2342,753
165892,2343,1709
165920,2343,753
165987,2344,284
166065,2345,284
166082,2345,892
166087,2346,1083
166165,2347,1083
166243,2348,1083
166322,2349,1083
166401,2350,1083
166481,2351,1083
166562,2352,1083
166643,2353,1083
166724,2354,1083
166805,2355,1083
166886,2356,1083
166942,2356,230
166958,2356,770
166968,2357,1083
167051,2358,1083
167134,2359,1083
167218,2360,1083
167303,2361,1083
167390,2362,1083
167477,2363,1083
167562,2363,908
167565,2364,1083
167653,2365,1083
167741,2366,1083
167830,2367,1083
167880,2367,1808
167916,2368,1083
168004,2369,1083
168031,2369,148
168090,2370,1083
168178,2371,1083
168268,2372,1083
168360,2373,1083
168453,2374,1083
168546,2375,1083
168639,2376,1083
168728,2377,1083
168817,2378,1083
168906,2379,1083
168992,2380,1083
169077,2381,1083
169160,2382,1083
169243,2383,1083
169246,2383,1133
169326,2384,1083
169329,2384,1133
169408,2385,1083
169411,2385,1133
169488,2386,1083
169877,2391,1048
169953,2392,1048
170705,2402,1159
170782,2403,1159
170858,2404,1159
171672,2415,1140
171748,2416,1140
171826,2417,1140
171905,2418,1140
171979,2419,1039
171985,2419,1140
172059,2420,1039
172065,2420,1140
172146,2421,1140
172228,2422,1140
172309,2423,1140
172391,2424,1140
172473,2425,1140
172555,2426,1140
172638,2427,1140
172722,2428,1140
172805,2429,1140
172889,2430,1140
172973,2431,1140
173058,2432,1140
173111,2432,320
173112,2432,34
173142,2433,1139
173143,2433,1140
173197,2433,320
173198,2433,34
173228,2434,1139
173229,2434,1140
173315,2435,1139
173316,2435,1140
173345,2435,1636
173403,2436,1139
173404,2436,1140
173433,2436,1636
173492,2437,1139
173493,2437,1140
173583,2438,1139
173584,2438,1140
173674,2439,1139
173675,2439,1140
173765,2440,1139
173766,2440,1140
173857,2441,1139
173858,2441,1140
173949,2442,1139
173950,2442,1140
174044,2443,1139
174045,2443,1140
174133,2444,1032
174139,2444,1139
174140,2444,1140
174228,2445,1032
174234,2445,1139
174235,2445,1140
174270,2445,1712
174324,2446,1032
174330,2446,1139
174331,2446,1140
174388,2446,27
174420,2447,1032
174426,2447,1139
174427,2447,1140
174516,2448,1032
174522,2448,1139
174523,2448,1140
174572,2448,193
174613,2449,1032
174619,2449,1139
174620,2449,1140
174670,2449,198
174712,2450,1032
174718,2450,1139
174719,2450,1140
174810,2451,1032
174815,2451,1139
174816,2451,1140
174871,2451,250
174907,2452,1032
174912,2452,1139
174913,2452,1140
175005,2453,1032
175010,2453,1139
175011,2453,1140
175104,2454,1032
175109,2454,1139
175110,2454,1140
175200,2454,954
175204,2455,1032
175209,2455,1139
175210,2455,1140
175304,2456,1032
175309,2456,1139
175310,2456,1140
175402,2457,1032
175407,2457,1139
175408,2457,1140
175474,2457,566
175500,2458,1032
175505,2458,1139
175506,2458,1140
175572,2458,566
175598,2459,1032
175603,2459,1139
175604,2459,1140
175664,2459,369
175696,2460,1032
175701,2460,1139
175702,2460,1140
175738,2460,1760
175761,2460,369
175794,2461,1032
175800,2461,1139
175801,2461,1140
175893,2462,1032
175899,2462,1139
175900,2462,1140
175992,2463,1032
175998,2463,1139
175999,2463,1140
176088,2464,1032
176094,2464,1139
176182,2465,1032
176187,2465,1139
176274,2466,1032
176278,2466,1139
176280,2466,1146
176362,2467,1032
176366,2467,1139
176368,2467,1146
176450,2468,1032
176454,2468,1139
176456,2468,1146
176538,2469,1032
176542,2469,1139
176544,2469,1146
176626,2470,1032
176631,2470,1146
176712,2471,1032
176717,2471,1146
176798,2472,1032
176803,2472,1146
176884,2473,1032
176890,2473,1146
176970,2474,1032
176976,2474,1146
177057,2475,1032
177063,2475,1146
177142,2476,1018
177144,2476,1032
177228,2477,1018
177314,2478,1018
177318,2478,1078
177400,2479,1018
177402,2479,1027
177405,2479,1078
177489,2480,1027
177577,2481,1027
178337,2490,1081
178421,2491,1081
178743,2495,1021
178825,2496,1021
178907,2497,1021
178910,2497,1050
178991,2498,1050
178993,2498,1080
179074,2499,1080
180629,2518,1067
180714,2519,1067
180799,2520,1067
180884,2521,1067
180969,2522,1067
181034,2522,60
181044,2522,910
181055,2523,1067
181121,2523,60
181131,2523,910
181142,2524,1067
181220,2524,910
181231,2525,1067
181289,2525,281
181320,2526,1067
181856,2532,1053
181866,2532,1161
181946,2533,1053
181956,2533,1161
182036,2534,1053
182046,2534,1161
182126,2535,1053
182136,2535,1161
182179,2535,231
182217,2536,1053
182227,2536,1161
182307,2537,1053
182317,2537,1161
182398,2538,1053
182408,2538,1161
182490,2539,1053
182500,2539,1161
182593,2540,1161
182687,2541,1161
182782,2542,1161
182877,2543,1161
182973,2544,1161
183069,2545,1161
183164,2546,1161
183259,2547,1161
183272,2547,150
183282,2547,169
183353,2548,1161
183444,2549,1161
183533,2550,1161
183622,2551,1161
183646,2551,1633
183712,2552,1161
183736,2552,1633
183802,2553,1161
183891,2554,1161
183977,2555,1161
184063,2556,1161
184145,2557,1161
184225,2558,1161
184304,2559,1161
184381,2560,1161
184456,2561,1161
184530,2562,1161
184602,2563,1161
184677,2564,1161
184752,2565,1161
184824,2566,1161
184895,2567,1161
187177,2601,1079
187249,2602,1079
187321,2603,1079
187393,2604,1079
187464,2605,1079
187535,2606,1079
187606,2607,1079
188031,2612,723
188032,2612,73
188106,2613,723
188107,2613,73
188164,2614,282
188239,2615,282
188264,2615,980
188340,2616,980
188394,2617,318
189150,2626,62
189303,2628,1788
189491,2630,1812
189503,2630,232
189747,2633,1464
189841,2634,1464
190135,2637,155
190240,2638,1770
192491,2665,1023
192566,2666,1023
192641,2667,1023
193502,2679,1127
193572,2680,1127
194352,2691,1065
194425,2692,1065
194499,2693,1065
194574,2694,1065
194650,2695,1065
194725,2696,1055
194726,2696,1065
194802,2697,1055
194803,2697,1065
194879,2698,1055
194956,2699,1055
195034,2700,1055
195113,2701,1055
195179,2701,81
195192,2702,1055
195259,2702,81
195263,2702,889
195272,2703,1055
195339,2703,81
195343,2703,889
195431,2704,982
195512,2705,982
195594,2706,982
195671,2707,896
195760,2708,997
196305,2715,234
196352,2716,1073
196437,2717,1073
196521,2718,1073
196605,2719,1073
196690,2720,1073
196776,2721,1073
198110,2737,1015
198190,2738,1015
198267,2739,1015
198342,2740,1015
198415,2741,1015
198488,2742,1015
198560,2743,1015
198631,2744,1015
198702,2745,1015
198770,2746,1015
198970,2749,1006
199001,2749,404
199036,2750,1006
199040,2750,1130
199067,2750,404
199104,2751,1130
201818,2792,70
201819,2792,703
201885,2793,70
201886,2793,703
201966,2794,976
202002,2795,327
202035,2795,976
202178,2797,995
202183,2798,1061
202249,2798,995
202254,2799,1061
202326,2800,1061
202398,2801,1061
202473,2802,1061
202538,2802,905
202548,2803,1061
202624,2804,1061
202700,2805,1061
202760,2805,804
202775,2806,1061
202850,2807,1061
202871,2807,1710
202926,2808,1061
202949,2808,1751
203004,2809,1061
203082,2810,1061
203160,2811,1061
203397,2814,1042
203477,2815,1042
203557,2816,1042
203637,2817,1042
203696,2817,716
203716,2818,1042
203795,2819,1042
203874,2820,1042
203953,2821,1042
204032,2822,1042
204112,2823,1042
204189,2824,1042
204265,2825,1042
204341,2826,1042
204414,2827,1042
204485,2828,1042
204554,2829,1042
204622,2830,1042
204691,2831,1042
204759,2832,1042
204826,2833,1042
204892,2834,1042
204958,2835,1042
205023,2836,1037
205024,2836,1042
205088,2837,1037
205152,2838,1037
205181,2838,373
205215,2839,1037
205281,2840,1160
205342,2841,1160
205943,2851,410
206821,2867,1171
206878,2868,1171
206935,2869,1171
206994,2870,1171
207053,2871,1171
207112,2872,1171
207171,2873,1171
207230,2874,1171
207290,2875,1171
207351,2876,1171
207412,2877,1171
207473,2878,1171
207535,2879,1171
207596,2880,1171
207657,2881,1171
207715,2882,109
207717,2882,1171
207766,2882,801
207777,2883,109
207779,2883,1171
207829,2883,801
207842,2884,1171
207887,2884,719
207889,2884,747
207905,2885,1171
207950,2885,719
207968,2886,1171
208032,2887,1171
208088,2887,968
208096,2888,1171
208160,2889,1171
208225,2890,1171
208292,2891,1171
208359,2892,1171
208426,2893,1171
208494,2894,1171
208563,2895,1171
208631,2896,1171
208654,2896,1773
208700,2897,1171
208770,2898,1171
208841,2899,1171
208912,2900,1171
208985,2901,1171
209058,2902,1171
209131,2903,1171
209204,2904,1171
209277,2905,1171
209351,2906,1171
209426,2907,1171
209498,2908,1171
209551,2908,768
209569,2909,1166
209570,2909,1171
209642,2910,1166
209643,2910,1171
209653,2910,145
209716,2911,1166
209717,2911,1171
209790,2912,1166
209791,2912,1171
209864,2913,1166
209865,2913,1171
209910,2913,650
209934,2914,1166
209935,2914,1171
209980,2914,650
210004,2915,1166
210041,2915,366
210074,2916,1166
210110,2916,366
210139,2917,1090
210142,2917,1166
210207,2918,1090
210210,2918,1166
210273,2919,1090
210276,2919,1166
210336,2920,1090
210339,2920,1166
210399,2921,1090
210402,2921,1166
210462,2922,1090
210526,2923,1090
210589,2924,1059
210591,2924,1090
210655,2925,1059
210657,2925,1090
210718,2926,1017
210721,2926,1090
210782,2927,1017
210785,2927,1090
210845,2928,1017
210907,2929,1017
211160,2933,1084
211222,2934,1084
211283,2935,1084
211881,2945,1145
211939,2946,1145
211995,2947,1098
212054,2948,1098
213387,2969,1031
213456,2970,1031
213526,2971,1031
213596,2972,1031
213662,2972,970
213666,2973,1031
213729,2973,955
213732,2973,970
213736,2974,1031
213800,2974,962
213806,2975,1031
213852,2975,288
213870,2975,962
213876,2976,1031
213941,2976,962
213947,2977,1031
214019,2978,1031
214091,2979,1031
214165,2980,1031
214239,2981,1031
214313,2982,1031
214387,2983,1031
214461,2984,1031
214535,2985,1031
214570,2985,1775
214609,2986,1031
214646,2986,1776
214684,2987,1031
214760,2988,1031
214837,2989,1031
214915,2990,1031
214994,2991,1031
215074,2992,1031
215155,2993,1031
215236,2994,1031
215319,2995,1031
215401,2996,1031
215483,2997,1031
215510,2997,157
215548,2997,754
215562,2998,1031
215642,2999,1031
215722,3000,1031
215802,3001,1031
215883,3002,1031
215965,3003,1031
216047,3004,1031
216130,3005,1031
216212,3006,1031
216293,3007,1031
216373,3008,1031
216452,3009,1031
216526,3010,1031
216601,3011,1031
216676,3012,1031
216752,3013,1031
216828,3014,1031
216906,3015,1031
216981,3016,1020
216983,3016,1031
217055,3017,1020
217128,3018,1020
217200,3019,1020
217269,3020,1005
217339,3021,1005
217847,3028,1128
217916,3029,1128
217977,3030,1012
218046,3031,1012
218115,3032,1012
218517,3038,1033
218584,3039,1033
219986,3057,1011
220068,3058,1011
220150,3059,1011
220232,3060,1011
220316,3061,1011
220400,3062,1011
220475,3062,826
220480,3062,963
220485,3063,1011
220566,3063,963
220571,3064,1011
220641,3064,68
220652,3064,911
220660,3065,1011
220731,3065,68
220742,3065,911
220750,3066,1011
220839,3067,1011
220929,3068,1011
221019,3069,1011
221110,3070,1011
221201,3071,1011
221293,3072,1011
221386,3073,1011
221480,3074,1011
221577,3075,1011
221626,3075,1785
221674,3076,1011
221772,3077,1011
221866,3077,969
221870,3078,1011
221967,3079,1011
222029,3079,252
222066,3080,1011
222165,3081,1011
222264,3082,1011
222364,3083,1011
222464,3084,1011
222563,3085,1011
222649,3085,819
222662,3086,1011
222747,3086,819
222760,3087,1011
222854,3088,1011
222948,3089,1011
223040,3090,1011
223133,3091,1011
223227,3092,1011
223321,3093,1011
223357,3093,1642
223416,3094,1011
223450,3094,1642
223509,3095,1011
223601,3096,1011
223695,3097,1011
223787,3098,1011
223879,3099,1011
223969,3100,1011
224058,3101,1011
224147,3102,1011
224237,3103,1011
224327,3104,1011
224416,3105,1011
224503,3106,1011
224507,3106,1086
224594,3107,1086
224679,3108,1086
224762,3109,1086
224763,3109,1110
224846,3110,1110
224930,3111,1110
225014,3112,1110
225593,3119,1150
225674,3120,1150
228371,3152,29
228393,3152,797
228461,3153,29
228483,3153,797
228554,3154,323
228643,3155,323
228664,3155,83
228731,3156,317
228758,3156,959
228848,3157,959
228939,3158,964
229029,3159,964
229546,3165,1807
229734,3167,1772
229969,3169,805
230667,3177,1041
230765,3178,1041
230862,3179,1041
230957,3180,1041
231053,3181,1041
231150,3182,1041
231248,3183,1041
231345,3184,1041
231442,3185,1041
231538,3186,1041
231633,3187,1041
231726,3188,1041
231818,3189,1041
231909,3190,1041
232000,3191,1041
232089,3192,1041
232177,3193,1041
232264,3194,1041
232350,3195,1041
232436,3196,1041
232438,3196,1085
232523,3197,1085
232608,3198,1085
232658,3198,422
232691,3199,1085
232694,3199,1156
232778,3200,1156
232862,3201,1156
232945,3202,1156
233913,3215,1047
233985,3216,1047
236150,3242,106
236226,3242,702
236244,3243,106
236321,3243,702
236344,3244,1138
236418,3244,722
236440,3245,1138
236486,3245,1782
236515,3245,722
236537,3246,1138
236627,3246,978
236635,3247,1138
236713,3247,74
236725,3247,978
236729,3248,1072
236733,3248,1138
236790,3248,319
236822,3248,966
236827,3249,1072
236831,3249,1138
236926,3250,1072
236930,3250,1138
237023,3251,1026
237025,3251,1072
237029,3251,1138
237079,3251,1877
237122,3252,1026
237124,3252,1072
237178,3252,1877
237221,3253,1026
237223,3253,1072
237321,3254,1026
237323,3254,1072
237420,3255,1026
237423,3255,1072
237504,3255,728
237521,3256,1026
237524,3256,1072
237622,3257,1026
237625,3257,1072
237715,3257,820
237724,3258,1026
237727,3258,1072
237818,3258,820
237827,3259,1026
237830,3259,1072
237931,3260,1026
237934,3260,1072
238030,3260,831
238036,3261,1026
238039,3261,1072
238143,3262,1026
238251,3263,1026
238361,3264,1026
238471,3265,1026
238575,3265,907
238581,3266,1026
238690,3267,1026
238739,3267,1768
238798,3268,1026
238892,3268,750
238904,3269,1026
239011,3270,1026
239117,3271,1026
239221,3272,1026
239222,3272,1056
239326,3273,1026
239327,3273,1056
239431,3274,1026
239432,3274,1056
239535,3275,1026
239536,3275,1056
239638,3276,1026
239639,3276,1056
239740,3277,1026
239741,3277,1056
239842,3278,1026
239843,3278,1056
239944,3279,1026
239945,3279,1056
240046,3280,1026
240047,3280,1056
240148,3281,1026
240249,3282,1026
240348,3283,1026
240444,3284,1026
240540,3285,1026
240637,3286,1026
240641,3286,1107
240738,3287,1107
240836,3288,1107
240892,3288,408
240931,3289,1107
241028,3290,1157
241122,3291,1157
242888,3311,1049
242980,3312,1049
244995,3332,1758
245097,3333,1758
245114,3333,287
245218,3334,324
245319,3335,324
245986,3342,1302
246089,3343,1302
246376,3345,825
246379,3345,904
246641,3348,1764
246863,3350,190
246976,3351,233
247326,3354,652
247433,3355,652
247539,3356,652
247647,3357,748
247808,3359,1774
248612,3368,1043
248696,3369,1043
248778,3370,1043
248860,3371,1043
248939,3372,1043
249019,3373,1043
249098,3374,1043
249175,3375,1043
249253,3376,1043
249329,3377,1036
249404,3378,1036
249557,3380,1066
249630,3381,1066
251083,3401,399
252530,3421,63
252600,3422,63
252604,3422,695
252670,3423,63
252674,3423,695
252754,3424,972
252824,3425,972
253042,3428,898
253646,3436,781
253764,3438,1796
254159,3443,199
254278,3445,1471
254352,3446,1471
254427,3447,156
255154,3458,1113
255214,3459,1113
255271,3460,1113
255327,3461,1113
255381,3462,1113
255435,3463,1113
255487,3464,1113
255538,3465,1113
255588,3466,1113
255635,3467,1095
255683,3468,1095
255731,3469,1095
255778,3470,1095
255825,3471,1095
255873,3472,1095
256266,3480,1118
256316,3481,1118
256366,3482,1118
256464,3484,1104
256515,3485,1082
256517,3485,1104
256568,3486,1082
256570,3486,1104
257342,3500,1147
257401,3501,1147
257461,3502,1147
257521,3503,1147
257581,3504,1147
257641,3505,1147
257701,3506,1147
257761,3507,1147
258087,3512,1799
258108,3512,65
258151,3513,1799
258173,3513,65
258241,3514,697
258244,3514,729
258307,3515,697
258310,3515,729
258361,3516,339
258427,3517,339
259260,3530,1070
259328,3531,1070
259349,3531,1466
259397,3532,1070
259418,3532,1466
259467,3533,1070
259537,3534,1070
259608,3535,1070
259678,3536,1070
261066,3558,372
261123,3559,372
261404,3564,397
262858,3589,1076
262919,3590,1076
262980,3591,1076
263042,3592,1076
263106,3593,1076
263171,3594,1076
263237,3595,1076
