,timestep_time,vehicle_id
401,36,885
425,37,885
450,38,885
476,39,885
502,40,885
528,41,885
554,42,885
661,46,897
688,47,897
1658,76,977
1701,77,977
1744,78,977
1788,79,977
1832,80,977
1876,81,977
1920,82,977
1964,83,977
2007,84,977
2182,89,1001
2228,90,1001
2276,91,1001
2324,92,1001
2373,93,1001
2471,94,928
2523,95,928
2575,96,928
2628,97,928
2682,98,928
2736,99,928
2792,100,928
2850,101,928
2908,102,928
2962,103,821
2968,103,928
3030,104,928
3093,105,928
3155,106,928
3218,107,928
3281,108,928
3343,109,928
3406,110,928
3469,111,928
3532,112,928
3595,113,928
3597,113,943
3657,114,928
3659,114,943
3719,115,928
3721,115,943
3781,116,928
3783,116,943
3826,117,59
3842,117,928
3844,117,943
3886,118,59
3902,118,928
3904,118,943
3962,119,928
3964,119,943
4000,120,390
4023,120,928
4025,120,943
4061,121,390
4085,121,928
4148,122,928
4212,123,928
4275,124,928
4339,125,928
4402,126,928
4465,127,928
4530,128,928
4594,129,928
4656,130,928
4718,131,928
4780,132,928
4842,133,928
4904,134,928
4965,135,928
5026,136,928
5027,136,934
5084,137,891
5086,137,934
5142,138,891
5144,138,934
5196,139,840
5201,139,934
5252,140,840
5308,141,840
5365,142,848
5372,142,947
5421,143,848
5428,143,947
5476,144,848
6251,158,884
6306,159,884
7376,179,926
7430,180,926
7484,181,926
7510,182,1767
7539,182,926
7564,183,1766
7565,183,1767
7595,183,926
7644,184,818
7650,184,926
7699,185,818
7705,185,926
7762,186,926
7821,187,926
7882,188,926
7944,189,926
8006,190,926
8068,191,926
8130,192,926
8193,193,926
8256,194,926
8311,195,769
8319,195,926
8381,196,926
8386,196,979
8414,197,1872
8444,197,926
8449,197,979
8477,198,1872
8507,198,926
8512,198,979
8570,199,926
8575,199,979
8633,200,926
8638,200,979
8697,201,926
8702,201,979
8761,202,926
8764,202,950
8766,202,979
8824,203,926
8827,203,950
8888,204,926
8891,204,950
8952,205,926
8955,205,950
9014,206,926
9016,206,950
9062,207,55
9074,207,926
9076,207,950
9134,208,926
9136,208,950
9194,209,926
9196,209,950
9254,210,926
9316,211,926
9331,212,1460
9378,212,926
9393,213,1460
9440,213,926
9501,214,926
9561,215,926
9617,216,926
9675,217,926
9733,218,926
9790,219,926
9846,220,926
9902,221,926
9958,222,926
10016,223,926
10075,224,926
10134,225,926
10190,226,926
10283,228,325
10669,235,851
10721,236,851
10775,237,851
11655,253,876
11711,254,876
11767,255,876
12416,266,850
12477,267,850
12538,268,850
12600,269,850
12662,270,850
12725,271,850
12758,272,1757
12762,272,1805
12788,272,850
12821,273,1757
12825,273,1805
12851,273,850
12914,274,850
12978,275,850
13042,276,850
13106,277,850
13170,278,850
13234,279,850
13299,280,850
13364,281,850
13429,282,850
13495,283,850
13562,284,850
13630,285,850
13655,286,154
13698,286,850
13767,287,850
13836,288,850
13906,289,850
13977,290,850
14049,291,850
14111,292,477
14122,292,850
14184,293,477
14195,293,850
14268,294,850
14340,295,850
14411,296,850
14444,297,17
14448,297,1804
14482,297,850
14551,298,850
14611,299,58
14618,299,850
14678,300,58
14685,300,850
14754,301,850
14806,302,394
14823,302,850
14875,303,394
14892,303,850
14960,304,850
15028,305,850
15095,306,850
15161,307,850
15225,308,850
15286,309,850
15345,310,850
15404,311,850
15463,312,850
15522,313,850
15580,314,850
15640,315,850
15700,316,850
15701,316,916
15759,317,850
15760,317,916
15817,318,916
15875,319,916
15936,320,987
15993,321,987
16983,339,305
17433,347,321
18345,362,802
18346,362,824
18407,363,802
18408,363,824
18476,365,1121
18538,366,1121
19115,375,118
23103,441,280
23263,443,994
23329,444,994
23396,445,994
23463,446,994
23530,447,994
23596,448,902
23598,448,994
23664,449,902
23666,449,994
23733,450,902
23802,451,902
23871,452,902
23940,453,902
24010,454,902
24296,458,915
24299,459,1115
24368,459,915
24371,460,1115
24440,460,915
24512,461,915
24585,462,915
24658,463,915
24731,464,915
24803,465,915
24875,466,915
24948,467,915
25022,468,915
25097,469,915
25172,470,915
25247,471,915
25322,472,915
25397,473,915
25472,474,915
25546,475,915
25620,476,915
25693,477,915
25768,478,915
25834,479,57
25843,479,915
25918,480,915
25993,481,915
26070,482,915
26148,483,915
26227,484,915
26305,485,915
26380,486,915
26457,487,915
26533,488,915
26603,489,647
26610,489,915
26687,490,915
26764,491,915
26842,492,915
26920,493,915
26997,494,915
27074,495,915
27151,496,915
27152,496,924
27199,497,329
27227,497,924
27302,498,924
27377,499,924
27452,500,983
27525,501,983
28741,518,882
28809,519,882
30178,538,932
30251,539,932
30324,540,932
30398,541,932
30465,542,69
30472,542,932
30504,543,1780
30539,543,69
30546,543,932
30576,544,1754
30620,544,932
30650,545,1754
30654,545,1789
30694,545,932
30770,546,932
30817,547,253
30846,547,932
30923,548,932
31000,549,932
31077,550,932
31154,551,932
31231,552,932
31308,553,932
31385,554,932
31418,555,1762
31463,555,932
31539,556,932
31617,557,932
31696,558,932
31776,559,932
31815,560,1798
31855,560,932
31931,561,765
31936,561,932
31951,562,1288
32017,562,932
32032,563,1288
32098,563,932
32180,564,932
32261,565,932
32341,566,932
32391,567,24
32420,567,932
32498,568,932
32573,569,932
32646,570,932
32718,571,932
32791,572,932
32862,573,932
32929,574,886
32932,574,932
33000,575,886
33003,575,932
33070,576,886
33073,576,932
33139,577,886
33142,577,932
33207,578,886
33210,578,932
33273,579,886
33276,579,932
33338,580,886
33340,580,932
33404,581,932
33468,582,932
33532,583,932
33596,584,932
33660,585,932
33724,586,932
35375,612,988
35441,613,988
36731,632,1781
36733,632,1791
36807,633,1791
36897,634,226
36898,634,235
36971,635,226
36972,635,235
37040,636,191
37047,636,235
37049,636,242
37116,637,191
37125,637,242
37202,638,242
37268,639,1871
37348,640,1871
37429,641,1871
37494,642,1632
37576,643,1632
37709,645,100
37732,645,141
37879,647,112
38583,655,21
38766,657,696
40756,683,277
40777,683,931
40849,684,931
40921,685,931
40996,686,990
41067,687,990
41140,688,990
41208,689,930
41280,690,930
41351,691,930
42026,700,957
42103,701,957
43773,722,1718
43822,722,941
43861,723,1718
43907,723,877
43910,723,941
43997,724,877
44000,724,941
44086,725,877
44090,725,941
44177,726,877
44181,726,941
44268,727,877
44272,727,941
44359,728,877
44363,728,941
44451,729,877
44455,729,941
44543,730,877
44547,730,941
44639,731,941
44732,732,941
44825,733,941
44918,734,941
45012,735,941
45106,736,941
45202,737,941
45299,738,941
45397,739,941
45496,740,941
45595,741,941
45691,742,903
45694,742,941
45790,743,903
45793,743,941
45889,744,903
45892,744,941
45988,745,903
45991,745,941
46086,746,903
46089,746,941
46184,747,903
46187,747,941
46280,748,903
46283,748,941
46338,749,20
46374,749,903
46377,749,941
46464,750,903
46467,750,941
46557,751,941
46647,752,941
46737,753,941
46741,754,1000
46825,754,941
46829,755,1000
46912,755,941
46916,756,1000
46996,756,941
46999,757,1000
47080,757,941
47083,758,1000
47162,758,941
47165,759,1000
47242,759,941
47321,760,941
47400,761,941
47476,762,941
47549,763,941
47621,764,941
47695,765,941
47768,766,941
47770,766,992
47844,767,992
47918,768,992
47991,769,992
50836,808,868
50915,809,868
50996,810,868
51077,811,868
51154,812,71
51158,812,84
51159,812,868
51238,813,71
51242,813,84
51243,813,868
51295,814,194
51327,814,868
51366,815,1714
51380,815,194
51412,815,868
51498,816,868
51580,817,645
51586,817,868
51669,818,645
51675,818,868
51765,819,868
51855,820,868
51945,821,868
52035,822,868
52123,823,830
52125,823,868
52215,824,868
52253,825,165
52304,825,868
52389,826,771
52393,826,868
52478,827,771
52482,827,868
52571,828,868
52661,829,868
52751,830,868
52842,831,868
52843,831,895
52934,832,868
52935,832,895
53027,833,868
53028,833,895
53120,834,868
53121,834,895
53214,835,868
53215,835,895
53307,836,868
53308,836,895
53339,837,15
53399,837,868
53400,837,895
53491,838,868
53492,838,895
53548,839,25
53576,839,715
53582,839,868
53583,839,895
53674,840,868
53675,840,895
53702,841,1455
53766,841,868
53767,841,895
53794,842,1455
53859,842,868
53860,842,895
53951,843,868
54025,844,563
54043,844,868
54118,845,563
54136,845,868
54227,846,868
54317,847,868
54407,848,868
54498,849,868
54588,850,868
54677,851,868
54767,852,868
54854,853,868
54941,854,868
55027,855,868
55113,856,868
57094,881,289
58751,902,1790
58760,902,228
58837,903,1790
58847,903,228
58935,904,239
59020,905,197
59023,905,239
59111,906,239
59143,906,823
59202,907,254
59232,907,823
59238,907,914
59323,908,823
59329,908,914
59420,909,914
59511,910,914
59602,911,914
59693,912,914
59784,913,914
59875,914,914
59966,915,914
60056,916,914
60083,917,159
60146,917,914
60236,918,906
60237,918,914
60326,919,906
60327,919,914
60416,920,906
60417,920,914
60506,921,906
60507,921,914
60596,922,906
60597,922,914
60687,923,906
60688,923,914
60779,924,906
60780,924,914
60871,925,906
60872,925,914
60964,926,914
61056,927,914
61146,928,914
61234,929,914
61255,930,1457
61322,930,914
61343,931,1457
61411,931,914
61500,932,914
61589,933,914
61676,934,914
61763,935,914
61845,936,914
61926,937,914
62007,938,914
62086,939,914
62162,940,914
62164,940,944
62236,941,914
62238,941,944
62310,942,914
62312,942,944
62383,943,914
62385,943,944
62456,944,914
62458,944,944
62529,945,914
62531,945,944
62603,946,914
62605,946,944
62674,947,858
62679,947,944
62727,948,315
62748,948,858
62820,949,858
62893,950,922
62961,951,922
63027,952,922
63755,963,999
63822,964,999
63888,965,935
63955,966,935
64391,973,307
64459,974,307
65102,983,875
65172,984,875
65241,985,875
65310,986,875
65379,987,875
65448,988,875
65516,989,875
65523,989,951
65592,990,951
65661,991,951
65689,992,1786
65697,992,22
65729,992,951
65757,993,1786
65765,993,22
65796,993,951
65863,994,951
65901,995,244
65930,995,951
65993,996,901
65998,996,951
66002,997,1122
66061,997,901
66070,998,1122
66129,998,890
66130,998,901
66198,999,890
66199,999,901
66268,1000,890
66269,1000,901
66338,1001,890
66339,1001,901
66409,1002,890
66410,1002,901
66480,1003,890
66551,1004,890
66621,1005,890
66690,1006,890
66759,1007,890
67405,1016,847
67436,1017,1721
67472,1017,847
67540,1018,847
67609,1019,847
67677,1020,847
67746,1021,847
67814,1022,847
67881,1023,847
67947,1024,847
68013,1025,847
68074,1026,847
68135,1027,847
68194,1028,847
68249,1029,847
68303,1030,847
68356,1031,847
68410,1032,847
68464,1033,847
68518,1034,847
68570,1035,847
68622,1036,847
68854,1041,272
69971,1066,855
70019,1067,855
70721,1082,1756
70750,1082,849
70770,1083,1719
70773,1083,1756
70803,1083,849
70837,1084,229
70856,1084,849
70890,1085,195
70892,1085,229
70912,1085,849
70968,1086,849
71024,1087,849
71082,1088,849
71140,1089,849
71198,1090,849
71258,1091,849
71318,1092,849
71378,1093,849
71440,1094,849
71502,1095,849
71519,1096,146
71564,1096,849
71621,1097,744
71626,1097,849
71688,1098,849
71750,1099,849
71812,1100,849
71863,1101,476
71876,1101,849
71928,1102,476
71941,1102,849
72006,1103,849
72071,1104,849
72135,1105,849
72191,1106,66
72199,1106,849
72262,1107,849
72321,1108,717
72328,1108,849
72393,1109,849
72459,1110,849
72525,1111,849
72591,1112,849
72656,1113,849
72722,1114,849
72788,1115,849
72850,1116,849
72911,1117,849
72971,1118,849
73032,1119,849
73092,1120,849
73152,1121,849
73213,1122,849
73275,1123,849
73337,1124,849
73399,1125,849
73460,1126,849
73561,1128,275
73938,1134,336
74215,1138,974
74279,1139,974
74343,1140,971
74408,1141,971
74513,1143,326
74579,1144,326
75943,1163,279
76652,1172,1763
76737,1173,1763
76875,1175,1116
76959,1176,1116
77044,1177,1114
77130,1178,1114
77813,1185,749
77933,1187,158
78332,1191,752
78788,1196,945
78828,1197,1720
78878,1197,945
78968,1198,945
79028,1199,31
79059,1199,945
79142,1200,721
79150,1200,945
79243,1201,945
79318,1202,562
79336,1202,945
79411,1203,562
80276,1213,835
80357,1214,835
80435,1215,835
80437,1215,960
80512,1216,835
80514,1216,960
80590,1217,835
80640,1218,308
80668,1218,835
80717,1219,308
83400,1254,991
83483,1255,991
83957,1261,200
84333,1265,899
84420,1266,899
84509,1267,899
84598,1268,899
84688,1269,899
84778,1270,899
84868,1271,899
84958,1272,899
85280,1276,1747
85343,1277,113
86202,1285,973
86300,1286,973
86345,1287,1706
86389,1287,718
86399,1287,973
86499,1288,973
86597,1289,973
86695,1290,973
86767,1291,475
86794,1291,973
86866,1292,475
89183,1316,958
89270,1317,958
90890,1336,874
90980,1337,874
91071,1338,874
91162,1339,874
91253,1340,874
91344,1341,874
91435,1342,874
91526,1343,874
91616,1344,874
91705,1345,874
91712,1345,975
91801,1346,975
91892,1347,975
91982,1348,975
92074,1349,975
92166,1350,975
92258,1351,975
92302,1352,1793
92351,1352,975
92392,1353,1748
92395,1353,1793
92439,1353,909
92444,1353,975
92532,1354,909
92579,1355,1777
92594,1355,251
92625,1355,909
92672,1356,1777
92718,1356,909
92781,1357,227
92808,1357,799
92813,1357,909
92905,1358,799
92910,1358,909
93009,1359,909
93109,1360,909
93122,1361,1117
93222,1362,1117
93510,1364,845
93548,1365,151
93612,1365,845
93714,1366,845
93734,1367,117
93816,1367,845
93918,1368,845
94020,1369,845
94122,1370,845
94225,1371,845
94329,1372,845
94432,1373,845
94442,1374,1002
94536,1374,845
94546,1375,1002
94640,1375,845
94650,1376,1002
94744,1376,845
94754,1377,1002
94833,1377,61
94845,1377,845
94854,1378,1002
94945,1378,845
94954,1379,1002
95001,1379,1794
95043,1379,845
95052,1380,1002
95139,1380,845
95233,1381,845
95327,1382,845
95419,1383,845
95509,1384,845
95598,1385,845
95683,1386,845
95768,1387,845
95848,1388,845
95926,1389,845
96004,1390,845
96079,1391,845
96155,1392,845
96231,1393,845
96309,1394,845
96386,1395,845
96464,1396,845
96540,1397,845
96616,1398,845
96667,1399,309
96691,1399,845
96744,1400,337
97477,1410,878
97548,1411,878
97665,1413,283
99094,1433,956
99165,1434,956
99238,1435,956
99311,1436,956
99383,1437,956
99456,1438,956
99530,1439,956
99727,1442,33
99740,1442,64
99816,1443,64
99902,1444,82
99978,1445,82
100536,1452,893
100619,1453,893
100703,1454,893
100725,1455,144
100787,1455,893
100819,1456,166
100872,1456,893
100903,1457,1627
100957,1457,893
100988,1458,1627
101042,1458,893
101127,1459,893
101534,1464,478
101619,1465,478
101798,1467,72
101985,1470,1290
102067,1471,1290
102742,1479,1625
103415,1488,306
104633,1507,867
104700,1508,867
105601,1521,887
105675,1522,887
105750,1523,887
105825,1524,887
105899,1525,887
105973,1526,887
106046,1527,887
106119,1528,887
106376,1532,1783
106410,1532,822
106450,1533,1783
106484,1533,822
106522,1534,1755
106597,1535,1755
106633,1535,798
106641,1535,921
106718,1536,921
106796,1537,921
106874,1538,921
106953,1539,921
107032,1540,921
107111,1541,921
107190,1542,921
107270,1543,921
107350,1544,921
107429,1545,921
107498,1546,775
107507,1546,921
107582,1547,888
107584,1547,921
107590,1548,115
107659,1548,888
107661,1548,921
107736,1549,888
107738,1549,921
107814,1550,888
107816,1550,921
107863,1551,1870
107893,1551,888
107895,1551,921
107942,1552,1870
107972,1552,888
107974,1552,921
107987,1553,1283
108052,1553,888
108054,1553,921
108067,1554,1283
108134,1554,888
108136,1554,921
108218,1555,921
108301,1556,921
108383,1557,921
108462,1558,921
108540,1559,921
108619,1560,921
108700,1561,921
108780,1562,921
108860,1563,921
108939,1564,921
109018,1565,921
109095,1566,921
109173,1567,921
109249,1568,921
109324,1569,921
109397,1570,921
109469,1571,921
109539,1572,921
109608,1573,921
109677,1574,921
109746,1575,921
109815,1576,921
109816,1576,946
109884,1577,946
110002,1579,273
111406,1602,322
112550,1621,1806
112609,1622,1765
112613,1622,1806
112677,1623,1806
112742,1624,1810
112806,1625,1810
112832,1625,817
112883,1626,241
112896,1626,817
112947,1627,241
113012,1628,241
113704,1638,764
113746,1639,1797
113877,1641,153
114148,1644,961
114223,1645,961
114298,1646,961
114356,1647,393
114372,1647,961
114429,1648,393
114445,1648,961
114517,1649,961
114590,1650,961
114682,1652,1458
114756,1653,1458
115519,1663,967
115587,1664,967
115654,1665,967
116082,1672,335
117418,1693,865
117482,1694,865
118632,1712,1752
118701,1713,1752
118704,1713,1792
118793,1714,240
118804,1714,853
118836,1715,1716
118861,1715,240
118872,1715,853
118926,1716,196
118940,1716,853
118996,1717,236
119008,1717,853
119076,1718,853
119145,1719,853
119214,1720,853
119284,1721,853
119354,1722,853
119424,1723,853
119495,1724,853
119567,1725,853
119603,1726,1761
119639,1726,853
119660,1727,147
119713,1727,853
119787,1728,853
119861,1729,853
119891,1730,1623
119935,1730,853
119965,1731,1623
120009,1731,853
120084,1732,853
120159,1733,853
120235,1734,853
120310,1735,853
120384,1736,853
120455,1737,730
120456,1737,853
120524,1738,692
120528,1738,853
120600,1739,853
120672,1740,853
120744,1741,853
120816,1742,853
120887,1743,853
120958,1744,853
121029,1745,853
121100,1746,853
121169,1747,853
121238,1748,853
121305,1749,853
121371,1750,853
121437,1751,853
121504,1752,853
121573,1753,853
121643,1754,853
121713,1755,853
121781,1756,853
121850,1757,925
121898,1758,278
121917,1758,925
121983,1759,925
122115,1761,861
122182,1762,861
123469,1782,285
123533,1783,285
124782,1802,1717
124851,1803,1717
124867,1803,225
124936,1804,225
125124,1807,1626
125195,1808,1626
125700,1815,143
126687,1827,701
126773,1828,939
126831,1829,26
126853,1829,939
126935,1830,939
127017,1831,939
127042,1832,1453
127100,1832,939
127126,1833,1453
127184,1833,939
127267,1834,939
127349,1835,939
127429,1836,939
127508,1837,939
127585,1838,939
127660,1839,939
127731,1840,939
127802,1841,939
127873,1842,939
127944,1843,939
128015,1844,939
128084,1845,939
128149,1846,939
128265,1848,316
129785,1871,873
129857,1872,873
129931,1873,883
130005,1874,883
130863,1885,953
130941,1886,953
131019,1887,953
131097,1888,953
131174,1889,900
131176,1889,953
131253,1890,900
131255,1890,953
131332,1891,900
131334,1891,953
131376,1892,1771
131412,1892,900
131414,1892,953
131456,1893,1771
131492,1893,900
131494,1893,953
131533,1894,1749
131544,1894,188
131572,1894,900
131574,1894,953
131613,1895,1749
131624,1895,188
131652,1895,900
131654,1895,953
131707,1896,202
131732,1896,900
131734,1896,953
131812,1897,900
131814,1897,953
131894,1898,900
131896,1898,953
131900,1899,1119
131976,1899,900
131978,1899,953
131982,1900,1119
132058,1900,900
132060,1900,953
132140,1901,900
132142,1901,953
132223,1902,900
132225,1902,953
132308,1903,900
132310,1903,953
132393,1904,900
132395,1904,953
132477,1905,900
132479,1905,953
132510,1906,167
132523,1906,1809
132562,1906,900
132564,1906,953
132597,1907,168
132648,1907,900
132650,1907,953
132734,1908,900
132736,1908,953
132816,1909,773
132821,1909,900
132823,1909,953
132908,1910,900
132910,1910,953
132996,1911,900
132998,1911,953
133084,1912,900
133086,1912,953
133171,1913,900
133173,1913,953
133258,1914,900
133260,1914,953
133345,1915,900
133347,1915,953
133432,1916,900
133434,1916,953
133512,1917,724
133519,1917,900
133521,1917,953
133603,1918,900
133605,1918,953
133662,1919,30
133685,1919,900
133686,1919,953
133708,1920,1454
133767,1920,900
133768,1920,953
133790,1921,1454
133850,1921,900
133851,1921,953
133933,1922,900
133934,1922,953
134017,1923,900
134018,1923,953
134100,1924,900
134101,1924,953
134182,1925,900
134183,1925,953
134261,1926,900
134262,1926,953
134342,1927,900
134343,1927,953
134421,1928,900
134422,1928,953
134500,1929,900
134501,1929,953
134579,1930,900
134580,1930,953
134656,1931,900
134657,1931,953
134730,1932,900
134731,1932,953
134804,1933,900
134805,1933,953
134877,1934,900
134878,1934,953
134950,1935,900
134951,1935,953
135024,1936,900
135025,1936,953
135078,1937,312
135097,1937,900
135098,1937,953
135151,1938,312
135170,1938,900
135241,1939,900
135243,1939,998
135314,1940,998
135383,1941,998
138100,1982,16
138147,1982,772
138151,1982,942
138217,1983,772
138222,1983,942
138252,1984,1743
138296,1984,942
138327,1985,1743
138329,1985,1769
138373,1985,942
138451,1986,942
138529,1987,942
138607,1988,942
138686,1989,942
138765,1990,942
138845,1991,942
138925,1992,942
139005,1993,942
139085,1994,942
139122,1995,1811
139165,1995,942
139245,1996,942
139278,1997,1759
139321,1997,780
139325,1997,942
139405,1998,942
139458,1999,479
139485,1999,942
139538,2000,479
139565,2000,942
139645,2001,942
139725,2002,942
139806,2003,942
139888,2004,942
139971,2005,942
140055,2006,942
140136,2007,942
140212,2008,894
140214,2008,942
140288,2009,894
140290,2009,942
140364,2010,894
140366,2010,942
140441,2011,894
140443,2011,942
140518,2012,894
140520,2012,942
140595,2013,894
140597,2013,942
140673,2014,942
140749,2015,942
140823,2016,942
140896,2017,942
140965,2018,942
141034,2019,942
141101,2020,942
141169,2021,942
141237,2022,942
141303,2023,942
141369,2024,942
141435,2025,942
141500,2026,857
141503,2026,942
141569,2027,857
141612,2028,338
141637,2028,857
141705,2029,857
143263,2052,913
143330,2053,913
143602,2057,879
143672,2058,879
143742,2059,879
143812,2060,879
143882,2061,879
143952,2062,879
144022,2063,879
144210,2066,313
144285,2067,313
144581,2071,243
144655,2072,243
144730,2073,243
144785,2074,1628
144862,2075,1628
145708,2085,767
145709,2085,774
145866,2087,745
146076,2090,1869
146158,2091,1869
146284,2092,912
146368,2093,912
146450,2094,912
146532,2095,912
146613,2096,912
146689,2097,912
146755,2098,720
146760,2098,841
146762,2098,912
146834,2099,841
146836,2099,912
146910,2100,841
146912,2100,912
146986,2101,841
146988,2101,912
147062,2102,841
147138,2103,841
147214,2104,841
147290,2105,841
147365,2106,841
147439,2107,841
147512,2108,841
147582,2109,841
147652,2110,841
147722,2111,841
147791,2112,841
147862,2113,841
147933,2114,841
148003,2115,841
148072,2116,841
148183,2118,328
148333,2120,839
148393,2121,839
148453,2122,839
148874,2129,993
148936,2130,993
150211,2149,917
150286,2150,917
150484,2153,286
151091,2161,1784
151174,2162,1784
151259,2163,1784
151354,2164,238
151391,2164,965
151438,2165,192
151439,2165,238
151475,2165,965
151560,2166,965
151645,2167,965
151730,2168,965
151815,2169,965
151901,2170,965
152376,2176,1795
152417,2176,863
152503,2177,863
152589,2178,863
152675,2179,863
152761,2180,863
152847,2181,863
152884,2182,1631
152934,2182,863
152971,2183,1631
153022,2183,863
153110,2184,863
153199,2185,863
153288,2186,863
153330,2187,1713
153376,2187,863
153463,2188,863
153524,2189,28
153550,2189,863
153637,2190,863
153724,2191,863
153811,2192,863
153895,2193,863
153980,2194,863
154064,2195,863
154147,2196,863
154229,2197,863
154234,2197,996
154310,2198,863
154315,2198,996
154392,2199,863
154397,2199,996
154474,2200,863
154479,2200,996
154555,2201,863
154560,2201,996
154634,2202,863
154639,2202,996
154714,2203,863
154719,2203,996
154794,2204,863
154799,2204,996
154872,2205,863
154951,2206,863
158422,2252,1722
158425,2252,1778
158509,2253,1778
158604,2254,203
158691,2255,203
158693,2255,237
158812,2257,1120
158900,2258,1120
159346,2262,832
159616,2265,751
160348,2273,753
160682,2277,1709
160800,2278,56
160925,2280,1284
161018,2281,1284
161262,2283,561
161354,2284,561
161450,2285,649
161538,2286,649
161972,2291,862
162053,2292,862
162132,2293,862
162211,2294,862
162289,2295,862
162368,2296,862
162446,2297,892
162524,2298,892
162654,2300,284
162728,2301,284
164307,2322,274
164546,2325,846
164620,2326,846
164695,2327,846
165828,2342,230
165843,2342,770
165906,2343,230
165921,2343,770
166006,2344,908
166084,2345,908
166162,2346,908
166240,2347,908
166319,2348,908
166398,2349,908
166851,2355,1808
166888,2356,111
166962,2356,871
166989,2357,148
167045,2357,871
167128,2358,871
167212,2359,871
167226,2360,1285
167297,2360,871
167311,2361,1285
167384,2361,871
167471,2362,871
167559,2363,871
167647,2364,871
167735,2365,871
167824,2366,871
167879,2367,18
167912,2367,871
168000,2368,871
168070,2369,34
168086,2369,871
168116,2370,1461
168174,2370,871
168205,2371,1461
168264,2371,871
168296,2372,1461
168356,2372,871
168448,2373,871
168541,2374,871
168634,2375,871
168723,2376,871
168812,2377,871
168901,2378,871
168987,2379,871
169072,2380,871
169155,2381,871
169238,2382,871
169321,2383,871
169403,2384,871
169484,2385,871
169564,2386,871
169643,2387,871
170007,2392,320
173044,2431,844
173089,2432,1712
173109,2432,27
173129,2432,844
173195,2433,27
173215,2433,844
173221,2433,954
173274,2434,193
173302,2434,844
173308,2434,954
173390,2435,844
173396,2435,954
173479,2436,844
173485,2436,954
173541,2437,198
173569,2437,844
173575,2437,954
173638,2438,250
173660,2438,844
173666,2438,954
173729,2439,250
173751,2439,844
173757,2439,954
173843,2440,844
173849,2440,954
173935,2441,844
173941,2441,954
174030,2442,844
174125,2443,844
174220,2444,844
174316,2445,844
174412,2446,844
174508,2447,844
174561,2448,1760
174604,2448,844
174608,2448,910
174702,2449,844
174706,2449,910
174799,2450,766
174800,2450,844
174804,2450,910
174897,2451,844
174901,2451,910
174995,2452,844
174999,2452,910
175094,2453,844
175098,2453,910
175152,2454,1868
175194,2454,844
175198,2454,910
175252,2455,1868
175294,2455,844
175298,2455,910
175392,2456,844
175396,2456,910
175485,2457,713
175490,2457,844
175588,2458,844
175686,2459,844
175769,2460,60
175784,2460,844
175883,2461,844
175982,2462,844
176078,2463,844
176172,2464,844
176264,2465,844
176352,2466,844
176440,2467,844
176528,2468,844
176616,2469,844
176702,2470,844
176788,2471,844
176874,2472,844
176960,2473,844
177047,2474,844
177134,2475,844
177220,2476,844
177311,2477,936
177397,2478,936
177484,2479,936
177568,2480,864
177657,2481,864
177748,2482,986
177831,2483,986
177913,2484,986
177992,2485,933
177995,2485,986
178075,2486,933
178078,2486,986
178158,2487,933
178237,2488,837
178241,2488,933
178321,2489,837
178325,2489,933
178389,2490,281
178405,2490,837
178488,2491,837
178570,2492,837
179613,2505,271
181000,2522,1744
181018,2522,231
181086,2523,1744
181257,2525,1624
181346,2526,1624
182029,2533,948
182119,2534,948
182210,2535,948
182248,2536,169
182300,2536,948
182380,2537,648
182391,2537,948
182472,2538,648
182483,2538,948
182576,2539,948
182670,2540,948
183328,2547,723
183600,2550,73
183813,2553,1459
183902,2554,1459
185006,2568,282
185830,2580,834
185894,2581,834
185958,2582,834
186759,2594,980
186826,2595,980
186894,2596,980
186962,2597,980
187032,2598,980
187103,2599,980
187174,2600,980
187246,2601,980
187295,2602,318
187530,2605,866
187601,2606,866
187672,2607,866
187744,2608,866
187817,2609,866
187890,2610,866
187963,2611,866
187996,2612,1703
188024,2612,62
188037,2612,866
188071,2613,1703
188099,2613,62
188112,2613,866
188186,2614,866
188224,2615,1788
188226,2615,1812
188261,2615,866
188300,2616,1788
188337,2616,866
188390,2617,232
188414,2617,866
188468,2618,232
188492,2618,866
188571,2619,866
188651,2620,866
188732,2621,866
188814,2622,866
188898,2623,866
188986,2624,866
189020,2625,155
189074,2625,866
189164,2626,866
189187,2627,142
189255,2627,866
189347,2628,866
189440,2629,866
189442,2629,889
189533,2630,866
189535,2630,889
189624,2631,815
189626,2631,866
189628,2631,889
189643,2632,1291
189720,2632,866
189722,2632,889
189737,2633,1291
189814,2633,866
189816,2633,889
189910,2634,866
189912,2634,889
189918,2634,982
190006,2635,866
190008,2635,889
190014,2635,982
190102,2636,866
190104,2636,889
190110,2636,982
190190,2637,81
190194,2637,866
190196,2637,889
190202,2637,982
190287,2638,866
190289,2638,889
190295,2638,982
190379,2639,866
190381,2639,889
190388,2639,982
190471,2640,866
190480,2640,982
190563,2641,866
190572,2641,982
190655,2642,866
190656,2642,881
190664,2642,982
190747,2643,866
190748,2643,881
190756,2643,982
190837,2644,866
190838,2644,881
190846,2644,982
190926,2645,866
190927,2645,881
190935,2645,982
191014,2646,866
191015,2646,881
191102,2647,866
191103,2647,881
191105,2647,896
191187,2648,866
191188,2648,881
191190,2648,896
191272,2649,866
191274,2649,881
191276,2649,896
191358,2650,866
191360,2650,881
191362,2650,896
191442,2651,866
191446,2651,896
191526,2652,866
191530,2652,896
191609,2653,866
191613,2653,896
191692,2654,866
191696,2654,896
191773,2655,866
191777,2655,896
191854,2656,866
191858,2656,896
191859,2656,919
191939,2657,896
191940,2657,919
192020,2658,919
192099,2659,919
192182,2660,937
192260,2661,937
192336,2662,923
192337,2662,937
192412,2663,923
192487,2664,923
192631,2666,880
192636,2666,920
192705,2667,880
192710,2667,920
193987,2685,997
194058,2686,997
194130,2687,997
194203,2688,997
194276,2689,997
194349,2690,997
194422,2691,997
194496,2692,997
194571,2693,997
194647,2694,997
195229,2702,234
195309,2703,234
195465,2705,187
195806,2709,391
195890,2710,391
196454,2717,1629
196538,2718,1629
196847,2721,869
196934,2722,869
197020,2723,869
197106,2724,869
197193,2725,869
197278,2726,869
197352,2727,70
197354,2727,714
197360,2727,869
197440,2728,869
197515,2729,703
197522,2729,869
197542,2730,1462
197604,2730,869
197624,2731,1462
197686,2731,869
197769,2732,869
197853,2733,869
197936,2734,869
198019,2735,869
198101,2736,869
198181,2737,869
198258,2738,869
198333,2739,869
198405,2740,869
198478,2741,869
198550,2742,869
198621,2743,869
198692,2744,869
198761,2745,869
198829,2746,869
198895,2747,856
198962,2748,856
199028,2749,856
199064,2750,327
199126,2751,327
199532,2757,976
199594,2758,976
199774,2761,843
199837,2762,843
199898,2763,843
200215,2768,995
200280,2769,995
200604,2774,859
200670,2775,859
200737,2776,859
200944,2779,985
201148,2782,905
201218,2783,905
201288,2784,905
201358,2785,905
201426,2786,905
201494,2787,905
201561,2788,905
201628,2789,905
201757,2791,804
201790,2792,1753
201824,2792,804
201857,2793,1753
201891,2793,804
201921,2794,1710
201923,2794,1751
201989,2795,1710
201991,2795,1751
202756,2805,716
202928,2808,109
203222,2811,801
203698,2817,747
203776,2818,719
204403,2826,836
204474,2827,836
204543,2828,836
204611,2829,836
204681,2830,836
204749,2831,836
204817,2832,836
204883,2833,836
204949,2834,836
205015,2835,836
205080,2836,836
205144,2837,836
205145,2837,854
205209,2838,854
205271,2839,854
206869,2867,968
206926,2868,968
206985,2869,968
207044,2870,968
207103,2871,968
207162,2872,968
207221,2873,968
207280,2874,968
207652,2880,989
207713,2881,989
207738,2882,1773
207744,2882,201
207775,2882,989
207801,2883,1773
207807,2883,201
207838,2883,989
207894,2884,816
207901,2884,989
207957,2885,816
207964,2885,989
208028,2886,989
208092,2887,989
208156,2888,989
208221,2889,989
208287,2890,989
208351,2891,970
208354,2891,989
208418,2892,970
208421,2892,989
208486,2893,970
208489,2893,989
208555,2894,970
208558,2894,989
208623,2895,970
208626,2895,989
208683,2896,768
208692,2896,970
208695,2896,989
208762,2897,970
208765,2897,989
208780,2898,145
208833,2898,970
208836,2898,989
208903,2899,970
208906,2899,989
208958,2900,646
208974,2900,970
208977,2900,989
209031,2901,646
209050,2901,989
209123,2902,989
209196,2903,989
209269,2904,989
209343,2905,989
209417,2906,989
209490,2907,989
209562,2908,989
209635,2909,989
209709,2910,989
209779,2911,955
209783,2911,989
209853,2912,955
209857,2912,989
209924,2913,955
209927,2913,989
209994,2914,955
209997,2914,989
210063,2915,955
210066,2915,989
210131,2916,955
210134,2916,989
210199,2917,955
210202,2917,989
210265,2918,955
210268,2918,989
210332,2919,989
210395,2920,989
210458,2921,989
210522,2922,989
210587,2923,989
210653,2924,989
210717,2925,989
210781,2926,989
210844,2927,989
211575,2939,833
211634,2940,833
211636,2940,962
211695,2941,962
211976,2946,314
212034,2947,314
212268,2951,288
213379,2968,872
213448,2969,872
213517,2970,872
213587,2971,872
213628,2972,1775
213657,2972,872
213698,2973,1775
213699,2973,1776
213727,2973,872
213797,2974,872
213844,2975,189
213867,2975,872
213938,2976,872
214010,2977,872
214082,2978,872
214086,2978,963
214155,2979,872
214159,2979,963
214229,2980,872
214233,2980,963
214303,2981,872
214307,2981,963
214377,2982,872
214378,2982,949
214381,2982,963
214451,2983,872
214452,2983,949
214455,2983,963
214525,2984,872
214526,2984,949
214529,2984,963
214595,2985,754
214599,2985,872
214600,2985,949
214603,2985,963
214674,2986,872
214675,2986,949
214678,2986,963
214750,2987,872
214751,2987,949
214754,2987,963
214827,2988,872
214828,2988,949
214831,2988,963
214905,2989,872
214906,2989,949
214984,2990,872
214985,2990,949
215064,2991,872
215065,2991,949
215145,2992,872
215146,2992,949
215226,2993,872
215227,2993,949
215306,2994,826
215308,2994,872
215309,2994,949
215390,2995,872
215391,2995,949
215472,2996,872
215473,2996,949
215546,2997,68
215551,2997,872
215631,2998,872
215711,2999,872
215791,3000,872
215872,3001,872
215954,3002,872
216036,3003,872
216119,3004,872
216201,3005,872
216282,3006,872
216362,3007,872
216441,3008,872
216516,3009,872
216591,3010,872
216666,3011,872
216741,3012,872
216817,3013,872
216894,3014,872
216971,3015,872
217047,3016,872
217549,3023,911
217621,3024,911
218038,3030,838
218107,3031,838
218175,3032,838
220064,3057,969
220146,3058,969
220228,3059,969
220312,3060,969
220375,3061,32
220396,3061,969
220444,3062,1785
220459,3062,32
220479,3062,927
220481,3062,969
220529,3063,1785
220544,3063,32
220565,3063,927
220567,3063,969
220610,3064,1745
220653,3064,927
220699,3065,1745
220717,3065,252
220743,3065,927
220832,3066,927
220922,3067,927
221012,3068,927
221103,3069,927
221194,3070,927
221286,3071,927
221379,3072,927
221473,3073,927
221564,3074,819
221570,3074,927
221580,3075,103
221667,3075,927
221765,3076,927
221863,3077,927
221960,3078,927
222059,3079,927
222158,3080,927
222250,3081,797
222257,3081,927
222357,3082,927
222457,3083,927
222556,3084,927
222655,3085,927
222724,3086,29
222753,3086,927
222848,3087,927
222938,3088,83
222942,3088,927
223034,3089,927
223127,3090,927
223221,3091,927
223315,3092,927
223410,3093,927
223503,3094,927
223595,3095,927
223688,3096,927
223780,3097,927
223872,3098,927
223962,3099,927
224051,3100,927
224140,3101,927
224230,3102,927
224320,3103,927
224409,3104,927
224497,3105,927
224584,3106,927
224670,3107,927
224671,3107,929
224727,3108,317
224754,3108,929
224837,3109,929
224896,3110,323
224918,3110,852
224980,3111,323
225002,3111,852
225086,3112,852
225173,3113,959
225255,3114,959
225391,3116,311
225474,3117,311
226945,3135,964
227027,3136,964
227109,3137,964
227191,3138,964
227274,3139,964
227357,3140,964
227441,3141,964
227526,3142,964
227611,3143,964
227697,3144,964
228356,3152,1779
228359,3152,1807
228446,3153,1779
228449,3153,1807
228535,3154,1772
228624,3155,1772
228662,3155,803
228753,3156,805
228816,3157,204
228989,3159,185
229067,3160,1630
229158,3161,1630
229537,3165,1704
229539,3165,1746
229711,3167,140
230270,3172,978
230275,3173,106
230368,3173,978
230466,3174,978
230564,3175,978
230663,3176,978
230742,3177,702
230761,3177,978
230844,3178,74
230858,3178,978
230953,3179,978
231033,3180,722
231049,3180,978
231146,3181,978
231164,3182,1289
231244,3182,978
231262,3183,1289
231342,3183,978
231359,3184,1289
231470,3185,1456
231566,3186,1456
231815,3188,966
231906,3189,966
231997,3190,966
232086,3191,966
232174,3192,966
232261,3193,966
232347,3194,966
232433,3195,966
232990,3202,319
236145,3241,938
236228,3242,728
236239,3242,938
236285,3243,1707
236323,3243,728
236334,3243,938
236426,3244,820
236430,3244,938
236523,3245,820
236527,3245,938
236624,3246,907
236625,3246,938
236722,3247,907
236723,3247,938
236820,3248,907
236821,3248,938
236919,3249,907
236920,3249,938
236996,3250,564
237018,3250,907
237019,3250,938
237095,3251,564
237117,3251,907
237118,3251,938
237216,3252,907
237217,3252,938
237317,3253,938
237416,3254,938
237517,3255,938
237571,3256,1768
237618,3256,938
237720,3257,938
237823,3258,938
237927,3259,938
238032,3260,938
238139,3261,938
238247,3262,938
238356,3263,938
238466,3264,938
238576,3265,938
238685,3266,938
238737,3267,1758
238793,3267,938
238899,3268,938
238920,3269,1286
239006,3269,938
239027,3270,1286
239112,3270,938
239190,3271,560
239216,3271,938
239295,3272,560
239321,3272,938
239426,3273,938
239531,3274,938
239634,3275,938
239735,3276,938
239837,3277,938
239939,3278,938
240041,3279,938
240143,3280,938
240244,3281,938
240343,3282,938
240439,3283,938
240535,3284,938
240632,3285,938
240729,3286,938
240887,3288,287
241379,3293,952
241468,3294,952
241615,3296,324
241704,3297,324
244438,3326,904
244540,3327,904
244641,3328,904
244742,3329,904
244843,3330,904
244944,3331,904
244996,3332,1764
245044,3332,825
245047,3332,904
245098,3333,1764
245200,3334,1764
245301,3335,1764
245417,3336,233
245514,3337,190
245519,3337,233
245621,3338,233
246370,3345,748
247434,3355,695
247551,3356,860
247637,3357,63
247654,3357,860
247753,3358,860
247849,3359,795
247852,3359,860
247950,3360,860
248047,3361,860
248141,3362,860
248237,3363,860
248241,3363,972
248333,3364,860
248337,3364,972
248428,3365,860
248432,3365,972
248518,3366,860
248522,3366,972
248605,3367,860
248609,3367,972
248689,3368,860
248693,3368,972
248771,3369,860
248775,3369,972
248852,3370,860
248931,3371,860
249011,3372,860
249090,3373,860
249167,3374,860
249245,3375,860
249323,3376,860
249451,3378,310
250120,3387,898
250188,3388,898
252545,3422,104
252608,3422,781
252678,3423,781
252709,3424,1705
252779,3425,1705
252784,3425,1796
252939,3427,199
253517,3435,156
254441,3447,1799
254469,3447,65
254541,3448,697
254613,3449,729
255709,3468,270
257813,3507,940
257873,3508,940
257933,3509,940
257994,3510,940
258057,3511,940
258089,3512,186
258115,3512,796
258120,3512,940
258154,3513,186
258180,3513,796
258185,3513,940
258251,3514,940
258257,3515,1113
258317,3515,940
258323,3516,1113
258383,3516,940
258431,3517,392
258449,3517,940
258497,3518,392
258515,3518,940
258581,3519,940
258647,3520,940
258713,3521,940
258720,3522,1118
258780,3522,940
258788,3523,1118
258848,3523,940
258916,3524,940
258984,3525,940
258994,3526,116
259053,3526,940
259121,3527,940
259189,3528,940
259257,3529,940
259325,3530,940
259394,3531,940
259464,3532,940
259481,3533,1287
259534,3533,940
259551,3534,1287
259605,3534,940
259675,3535,940
259746,3536,940
259805,3537,699
259814,3537,940
259882,3538,940
259950,3539,940
260017,3540,940
260084,3541,940
260150,3542,940
260216,3543,940
260281,3544,940
260347,3545,940
260410,3546,940
260471,3547,940
260530,3548,940
260588,3549,940
260645,3550,940
260701,3551,940
260756,3552,940
260810,3553,940
260865,3554,940
260920,3555,940
260974,3556,940
260975,3556,984
261030,3557,984
261086,3558,984
261139,3559,842
261143,3559,984
261195,3560,842
261249,3561,842
261306,3562,918
261362,3563,918
261419,3564,870
261420,3564,918
261479,3565,870
261932,3573,276
