,timestep_time,vehicle_id
284,31,1491
304,32,1491
324,33,1491
344,34,1491
364,35,1491
387,36,1491
410,37,1491
435,38,1507
461,39,1507
487,40,1507
513,41,1507
539,42,1507
565,43,1507
592,44,1507
619,45,1507
1322,68,1359
1358,69,1359
1394,70,1359
1934,83,1467
1977,84,1467
2239,90,1396
2287,91,1396
2333,92,1342
2335,92,1396
2382,93,1342
2384,93,1396
2434,94,1396
2442,94,1653
2485,95,1396
2493,95,1653
2537,96,1396
2545,96,1653
2590,97,1396
2643,98,1396
2697,99,1396
2752,100,1396
2808,101,1396
2866,102,1396
2924,103,1396
2985,104,1396
3047,105,1396
3102,106,1163
3110,106,1396
3172,107,1396
3235,108,1396
3298,109,1396
3360,110,1396
3385,110,421
3423,111,1396
3486,112,1396
3549,113,1396
3612,114,1396
3674,115,1396
3736,116,1396
3797,117,1396
3857,118,1396
3917,119,1396
3977,120,1396
4038,121,1396
4100,122,1396
4164,123,1396
4227,124,1396
4290,125,1396
4354,126,1396
4417,127,1396
4480,128,1396
4544,129,1396
4608,130,1396
4670,131,1396
4732,132,1396
4794,133,1396
4856,134,1396
4917,135,1396
4978,136,1396
5327,142,1405
5383,143,1405
5496,145,1490
5552,146,1490
5607,147,1425
5662,148,1425
6488,163,1486
6543,164,1486
6830,169,542
6910,171,1460
6964,172,1460
7435,181,1001
7489,182,1001
7544,183,1001
7598,183,977
7653,184,977
7785,187,1661
7844,188,1661
8363,196,413
8486,198,374
9859,221,1463
9915,222,1463
9971,223,1463
10029,224,1463
10088,225,1463
10147,226,1463
10261,228,1470
10317,229,1470
10372,230,1470
10581,234,1499
10633,235,1499
10685,236,1499
10898,240,1473
10951,241,1473
12070,261,1394
12129,262,1394
12189,263,1394
12249,264,1394
12309,265,1394
12370,266,1394
12431,267,1394
12492,268,1394
12554,269,1394
12616,270,1394
12679,271,1394
12741,272,1394
12760,272,1767
12804,273,1394
12822,273,1766
12823,273,1767
12867,274,1394
12908,274,509
12930,275,1394
12971,275,509
12994,276,1394
13058,277,1394
13098,277,499
13122,278,1394
13186,279,1394
13201,279,1662
13250,280,1394
13265,280,1662
13382,282,1444
13447,283,1444
13513,284,1444
13581,285,1444
13649,286,1444
13684,286,423
13718,287,1444
13787,288,1444
13856,289,1444
13926,290,1444
13997,291,1444
14069,292,1444
14142,293,1444
14215,294,1444
14287,295,1444
14359,296,1444
14430,297,1444
14460,297,325
14486,297,979
14501,298,1444
14528,298,325
14570,299,1444
14637,300,1444
14705,301,1444
14774,302,1444
14843,303,1444
14911,304,1444
14979,305,1444
15047,306,1444
15114,307,1444
15179,308,1444
15242,309,1444
15302,310,1444
15362,311,1444
15421,312,1444
15480,313,1444
15538,314,1444
15598,315,1444
15658,316,1444
15716,317,1390
15718,317,1444
15775,318,1390
15833,319,1390
15890,320,1379
15949,321,1379
16006,322,1379
16612,332,593
17526,349,1443
17584,350,1443
18300,362,1313
18318,362,1805
18361,363,1313
18379,363,1805
18493,365,1505
18529,365,662
18555,366,1505
18591,366,662
18615,367,1475
18617,367,1505
18678,368,1475
18680,368,1505
18742,369,1475
18744,369,1505
18806,370,1475
18808,370,1505
18870,371,1475
18872,371,1505
18934,372,1475
18936,372,1505
18997,373,1475
19061,374,1475
19113,375,1144
19126,375,1475
19191,376,1475
19255,377,1475
19319,378,1475
19383,379,1475
19448,380,1475
19476,380,412
19513,381,1475
19563,382,1075
19578,382,1475
19646,383,1475
19714,384,1475
19780,385,1475
19845,386,1475
19911,387,1475
19924,387,1804
19974,388,1475
20036,389,1475
20098,390,1475
20160,391,1475
20222,392,1475
20284,393,1475
20344,394,1475
20402,395,1475
20460,396,1475
20516,397,1475
20572,398,1475
20626,399,1475
20681,400,1475
20737,401,1475
20794,402,1475
20853,403,1475
20912,404,1475
20970,405,1475
21027,406,1475
21168,408,544
21334,411,540
23411,446,1422
23478,447,1422
23545,448,1422
23613,449,1422
23681,450,1422
23750,451,1422
23815,452,1314
23818,452,1422
23870,452,824
23884,453,1314
23939,453,824
24009,454,824
24063,455,456
24080,455,824
24135,456,456
24955,468,118
27292,498,590
27901,507,1358
27974,508,1358
28046,509,1358
28189,511,1343
28261,512,1343
28409,514,1371
28482,515,1371
28554,516,1371
28625,517,1430
28693,518,1430
28761,519,1430
29539,530,1412
29611,531,1412
29683,532,1412
29755,533,1412
29829,534,1412
29903,535,1412
29977,536,1412
30051,537,1412
30124,538,1412
30197,539,1412
30270,540,1412
30343,541,1412
30417,542,1412
30474,542,994
30491,543,1412
30548,543,994
30565,544,1412
30605,544,506
30622,544,994
30639,545,1412
30714,546,1412
30790,547,1412
30866,548,1412
30944,549,1412
31021,550,1412
31098,551,1412
31175,552,1412
31252,553,1412
31329,554,1412
31393,555,1151
31406,555,1412
31484,556,1412
31560,557,1412
31639,558,1412
31718,559,1412
31760,559,420
31798,560,1412
31877,561,1412
31958,562,1412
32039,563,1412
32120,564,1412
32201,565,1412
32281,566,1412
32361,567,1412
32441,568,1412
32473,568,329
32517,569,1412
32592,570,1412
32664,571,1412
32737,572,1412
32809,573,1412
32880,574,1412
32950,575,1412
33020,576,1412
33090,577,1412
33159,578,1412
33227,579,1412
33293,580,1412
33357,581,1412
33421,582,1412
33485,583,1412
33548,584,1412
33612,585,1412
33676,586,1412
34998,607,1362
35063,608,1362
35128,609,1362
35724,618,1400
35792,619,1400
36068,623,1361
36139,624,1361
36730,632,1780
36732,632,1789
36804,633,1780
36806,633,1789
37248,639,1503
37327,640,1503
37408,641,1503
37489,642,1503
37571,643,1503
37653,644,1503
37735,645,1503
37770,645,253
37817,646,1503
37897,647,1472
37898,647,1503
37908,647,1762
37978,648,1472
37979,648,1503
38060,649,1472
38061,649,1503
38100,649,411
38142,650,1472
38143,650,1503
38165,650,1884
38223,651,1472
38224,651,1503
38246,651,1884
38305,652,1472
38306,652,1503
38387,653,1472
38470,654,1472
38553,655,1472
38636,656,1472
38719,657,1472
38734,657,1798
38799,658,1472
38879,659,1472
38958,660,1472
39039,661,1472
39119,662,1472
39197,663,1472
39277,664,1472
39356,665,1472
39436,666,1472
39516,667,1472
39595,668,1472
39672,669,1472
39747,670,1472
39823,671,1472
39899,672,1472
39976,673,1472
40053,674,1472
40130,675,1472
40206,676,1472
40281,677,1424
40357,678,1424
40433,679,1424
43749,722,1143
43837,723,1143
43862,723,1781
43942,724,1508
43953,724,1791
44022,725,1252
44032,725,1508
44042,725,1791
44122,726,1508
44213,727,1508
44304,728,1508
44395,729,1508
44487,730,1508
44579,731,1508
44936,735,1170
45362,739,242
45624,742,1455
45723,743,1455
45811,744,1167
45822,744,1455
45910,745,1167
45921,745,1455
46019,746,1455
46118,747,1455
46215,748,1455
46311,749,1455
46404,750,1455
46494,751,1455
46584,752,1455
46674,753,1455
46762,754,1455
46850,755,1455
46935,756,1455
46983,756,663
47017,757,1455
47101,758,1455
47183,759,1455
47263,760,1455
47342,761,1455
47419,762,1455
47494,763,1455
47567,764,1455
47640,765,1455
47714,766,1455
47715,766,1479
47788,767,1455
47789,767,1479
47862,768,1455
47863,768,1479
47901,768,579
47937,769,1479
48010,770,1479
48078,771,1372
48082,771,1479
48149,772,1372
48219,773,1372
48288,774,1372
48356,775,1372
48423,776,1372
48459,776,578
48524,777,578
48623,779,1493
48689,780,1493
48755,781,1493
49916,797,1348
49993,798,1348
50387,803,1457
50466,804,1457
50545,805,1457
50625,806,1457
50705,807,1457
50784,808,1457
50863,809,1457
50938,810,1373
50943,810,1457
51019,811,1373
51024,811,1457
51100,812,1373
51105,812,1457
51116,812,1718
51182,813,1373
51187,813,1457
51198,813,1718
51266,814,1373
51271,814,1457
51351,815,1373
51356,815,1457
51436,816,1373
51441,816,1457
51523,817,1373
51528,817,1457
51611,818,1373
51616,818,1457
51700,819,1373
51705,819,1457
51790,820,1373
51795,820,1457
51880,821,1373
51885,821,1457
51970,822,1373
51975,822,1457
52060,823,1373
52065,823,1457
52150,824,1373
52155,824,1457
52239,825,1373
52244,825,1457
52328,826,1373
52333,826,1457
52417,827,1373
52422,827,1457
52506,828,1373
52511,828,1457
52595,829,1373
52600,829,1457
52685,830,1373
52690,830,1457
52775,831,1373
52780,831,1457
52866,832,1373
52871,832,1457
52958,833,1373
52963,833,1457
53051,834,1373
53056,834,1457
53145,835,1373
53150,835,1457
53240,836,1373
53245,836,1457
53309,836,903
53332,837,1373
53337,837,1457
53404,838,1000
53423,838,1373
53428,838,1457
53515,839,1373
53520,839,1457
53606,840,1373
53611,840,1457
53698,841,1373
53703,841,1457
53790,842,1373
53795,842,1457
53882,843,1373
53887,843,1457
53974,844,1373
53979,844,1457
54066,845,1373
54071,845,1457
54160,846,1373
54164,846,1457
54251,847,1373
54255,847,1457
54341,848,1373
54345,848,1457
54431,849,1373
54435,849,1457
54522,850,1373
54526,850,1457
54612,851,1373
54616,851,1457
54701,852,1373
54705,852,1457
54789,853,1373
54793,853,1457
54876,854,1373
54880,854,1457
54963,855,1373
54967,855,1457
55049,856,1373
55134,857,1373
55135,857,1385
55218,858,1373
55219,858,1385
55267,858,581
55301,859,1373
55302,859,1385
55385,860,1373
55386,860,1385
55470,861,1385
55555,862,1385
55639,863,1385
55719,864,1351
55802,865,1351
55885,866,1351
57991,893,1445
58072,894,1445
58787,902,71
58793,902,84
58874,903,71
58880,903,84
59440,910,1403
59531,911,1403
59536,911,1511
59622,912,1403
59627,912,1511
59713,913,1403
59718,913,1511
59804,914,1403
59809,914,1511
59895,915,1403
59900,915,1511
59961,915,830
59985,916,1403
59990,916,1511
60075,917,1403
60080,917,1511
60165,918,1403
60170,918,1511
60256,919,1403
60271,919,165
60297,919,370
60346,920,1403
60436,921,1403
60464,921,1885
60526,922,1403
60554,922,1885
60617,923,1403
60645,923,1885
60709,924,1403
60801,925,1403
60892,926,1403
60984,927,1403
61074,928,1403
61164,929,1403
61252,930,1403
61340,931,1403
61430,932,1403
61520,933,1403
61608,934,1403
61695,935,1403
61782,936,1403
61863,937,1403
61945,938,1403
62025,939,1403
62102,940,1403
62177,941,1403
62251,942,1403
62325,943,1403
62398,944,1403
62471,945,1403
62544,946,1403
62620,947,1437
62694,948,1437
62768,949,1437
62836,950,1368
62906,951,1368
62974,952,1368
63240,956,1468
63305,957,1468
63370,958,1468
64402,973,543
64470,974,543
64503,975,1506
64571,976,1506
64634,977,1393
64639,977,1506
64702,978,1393
64707,978,1506
64776,979,1506
64846,980,1506
64916,981,1506
64986,982,1506
65056,983,1506
65126,984,1506
65195,985,1506
65690,992,1790
65701,992,289
65758,993,1790
65769,993,289
65843,994,497
65910,995,497
66046,997,498
66111,998,455
66250,1000,459
66368,1002,1654
66439,1003,1654
66854,1009,159
67476,1017,906
68267,1030,1423
68321,1031,1423
68374,1032,1423
68428,1033,1423
68482,1034,1423
68535,1035,1423
68587,1036,1423
70367,1075,1381
70415,1076,1381
70463,1077,1381
70511,1078,1381
70559,1079,1381
70608,1080,1381
70658,1081,1381
70709,1082,1381
70724,1082,1786
70754,1082,999
70761,1083,1381
70807,1083,999
70814,1084,1381
70868,1085,1381
70924,1086,1381
70980,1087,1381
71037,1088,1381
71095,1089,1381
71153,1090,1381
71212,1091,1381
71272,1092,1381
71332,1093,1381
71392,1094,1381
71454,1095,1381
71516,1096,1381
71542,1096,244
71578,1097,1381
71604,1097,244
71640,1098,1381
71702,1099,1381
71764,1100,1381
71826,1101,1381
71890,1102,1381
71955,1103,1381
72020,1104,1381
72085,1105,1381
72148,1106,1381
72212,1107,1381
72275,1108,1381
72294,1108,1803
72341,1109,1381
72406,1110,1381
72472,1111,1381
72538,1112,1381
72603,1113,1381
72668,1114,1381
72734,1115,1381
72800,1116,1381
72861,1117,1381
72922,1118,1381
72982,1119,1381
73043,1120,1381
73103,1121,1381
73164,1122,1381
73226,1123,1381
73288,1124,1381
73350,1125,1381
73411,1126,1352
73412,1126,1381
73472,1127,1352
73533,1128,1352
73593,1129,1352
73595,1129,1391
73655,1130,1391
73717,1131,1391
75809,1161,594
76308,1168,1469
76390,1169,1469
76471,1170,1469
76553,1171,1469
76630,1172,1340
76636,1172,1469
76714,1173,1340
76721,1173,1469
76734,1173,1719
76806,1174,1469
76890,1175,1469
76974,1176,1469
77060,1177,1469
77146,1178,1469
77232,1179,1469
77320,1180,1469
77408,1181,1469
77496,1182,1469
77584,1183,1469
77671,1184,1469
77757,1185,1469
77843,1186,1469
77881,1186,414
77928,1187,1469
78013,1188,1469
78099,1189,1469
78186,1190,1469
78273,1191,1469
78361,1192,1469
78450,1193,1469
78539,1194,1469
78629,1195,1469
78720,1196,1469
78811,1197,1469
78901,1198,1469
78992,1199,1469
79083,1200,1469
79175,1201,1469
79269,1202,1469
79362,1203,1469
79453,1204,1469
79545,1205,1469
79634,1206,1469
79722,1207,1469
79807,1208,1469
79890,1209,1469
79972,1210,1469
80054,1211,1469
80136,1212,1469
80218,1213,1469
80300,1214,1469
80380,1215,1469
80458,1216,1469
80529,1217,1353
80536,1217,1469
80607,1218,1353
80614,1218,1469
80685,1219,1353
80692,1219,1469
80763,1220,1353
80840,1221,1353
80848,1221,1477
80915,1222,1353
80923,1222,1477
80996,1223,1477
81069,1224,1477
81142,1225,1477
81208,1226,1367
81282,1227,1367
81355,1228,1367
81356,1228,1401
81428,1229,1401
81500,1230,1401
81574,1231,1431
81646,1232,1431
81717,1233,1429
81718,1233,1431
81788,1234,1429
81859,1235,1429
81933,1236,1429
81936,1236,1441
82009,1237,1441
82083,1238,1441
82309,1241,1439
82385,1242,1439
84047,1262,336
84074,1262,974
84134,1263,336
84161,1263,974
84204,1264,1763
84220,1264,326
84291,1265,1763
84307,1265,326
85271,1276,158
85453,1278,1474
85549,1279,1474
85645,1280,1474
85647,1280,1489
85741,1281,1474
85743,1281,1489
85837,1282,1474
85839,1282,1489
85934,1283,1474
85936,1283,1489
86033,1284,1474
86035,1284,1489
86117,1285,1149
86132,1285,1474
86134,1285,1489
86231,1286,1474
86233,1286,1489
86330,1287,1474
86332,1287,1489
86429,1288,1474
86431,1288,1489
86491,1288,752
86529,1289,1474
86530,1289,1489
86627,1290,1474
86628,1290,1489
86660,1290,31
86726,1291,1474
86727,1291,1489
86825,1292,1474
86826,1292,1489
86924,1293,1474
86925,1293,1489
87024,1294,1474
87123,1295,1474
87222,1296,1474
87321,1297,1474
87419,1298,1474
87519,1299,1474
87618,1300,1474
87715,1301,1474
87810,1302,1474
87908,1303,1474
88007,1304,1474
88106,1305,1474
88202,1306,1474
92262,1352,1077
92301,1352,1787
92355,1353,1077
92394,1353,1787
92457,1354,1244
92550,1355,1244
92591,1355,200
92684,1356,200
92741,1357,1341
93055,1360,1657
93155,1361,1657
93631,1366,1165
93930,1369,1074
93955,1369,1495
94057,1370,1495
94159,1371,1495
94263,1372,1495
94366,1373,1495
94457,1374,1250
94470,1374,1495
94574,1375,1495
94678,1376,1495
94782,1377,1495
94852,1377,973
94882,1378,1495
94981,1379,1495
95078,1380,1495
95172,1381,1495
95267,1382,1495
95360,1383,1495
95452,1384,1495
95541,1385,1495
95627,1386,1495
95711,1387,1495
95795,1388,1495
95874,1389,1495
95952,1390,1495
96029,1391,1495
96103,1392,1495
96179,1393,1495
96256,1394,1495
96334,1395,1495
96406,1396,1398
96411,1396,1495
96484,1397,1398
96560,1398,1398
96636,1399,1398
99725,1442,251
99756,1442,975
99801,1443,251
99832,1443,975
99959,1445,458
100721,1455,1380
100743,1455,1793
100805,1456,1380
100873,1456,909
100890,1457,1380
100910,1457,1777
100975,1458,1380
101060,1459,1380
101145,1460,1380
101230,1461,1380
101316,1462,1380
101402,1463,1380
101488,1464,1380
101573,1465,1380
101658,1466,1380
101742,1467,1380
101764,1467,1794
101824,1468,1380
101906,1469,1380
101988,1470,1380
102056,1471,1002
102070,1471,1380
102138,1472,1002
102152,1472,1380
102235,1473,1380
102319,1474,1380
102404,1475,1380
102489,1476,1380
102571,1477,1380
102652,1478,1380
102731,1479,1380
102809,1480,1380
102887,1481,1380
102963,1482,1380
103036,1483,1380
103107,1484,1380
103177,1485,1380
103247,1486,1380
103248,1486,1402
103316,1487,1380
103317,1487,1402
103385,1488,1402
103451,1489,1402
103951,1497,1432
104010,1498,1432
104070,1499,1432
105544,1521,1349
105618,1522,1349
106290,1531,1504
106364,1532,1504
106394,1532,33
106409,1532,82
106438,1533,1504
106468,1533,33
106483,1533,82
106505,1534,1315
106512,1534,1504
106557,1534,82
106580,1535,1315
106587,1535,1504
106662,1536,1448
106664,1536,1504
106739,1537,1448
106741,1537,1504
106817,1538,1448
106895,1539,1448
106974,1540,1448
107053,1541,1448
107132,1542,1448
107211,1543,1448
107291,1544,1448
107371,1545,1448
107450,1546,1448
107527,1547,1448
107604,1548,1448
107614,1548,166
107681,1549,1448
107758,1550,1448
107836,1551,1448
107915,1552,1448
107994,1553,1448
108074,1554,1448
108156,1555,1448
108238,1556,1448
108321,1557,1448
108403,1558,1448
108452,1558,72
108482,1559,1448
108561,1560,1448
108640,1561,1448
108721,1562,1448
108801,1563,1448
108880,1564,1448
108959,1565,1448
109036,1566,1448
109113,1567,1448
109191,1568,1448
109266,1569,1448
109340,1570,1448
109342,1570,1485
109413,1571,1448
109415,1571,1485
109485,1572,1448
109487,1572,1485
109554,1573,1448
109556,1573,1485
109623,1574,1448
109625,1574,1485
109692,1575,1448
109694,1575,1485
109761,1576,1448
109763,1576,1485
109832,1577,1485
110288,1584,1458
110351,1585,1458
110414,1586,1458
111312,1601,1413
111371,1602,1413
112341,1618,1375
112403,1619,1375
112465,1620,1375
112528,1621,1375
112591,1622,1375
112610,1622,1783
112655,1623,1375
112674,1623,1783
112719,1624,1375
112732,1624,1660
112783,1625,1375
112796,1625,1660
112847,1626,1375
112911,1627,1375
112976,1628,1375
113041,1629,1375
113106,1630,1375
113172,1631,1375
113239,1632,1375
113307,1633,1375
113375,1634,1375
113435,1635,119
113443,1635,1375
113495,1635,775
113513,1636,1375
113583,1637,1375
113653,1638,1375
113723,1639,1375
113793,1640,1375
113864,1641,1375
113938,1642,1375
114013,1643,1375
114088,1644,1375
114162,1645,1375
114237,1646,1375
114313,1647,1375
114386,1648,1375
114459,1649,1375
114531,1650,1375
114604,1651,1375
114677,1652,1375
114684,1652,1492
114751,1653,1375
114758,1653,1492
114825,1654,1375
114832,1654,1492
114898,1655,1375
114905,1655,1492
114971,1656,1375
114978,1656,1492
115044,1657,1375
115051,1657,1492
115114,1658,1375
115121,1658,1492
115184,1659,1375
115191,1659,1492
115255,1660,1375
115262,1660,1492
115263,1660,1510
115324,1661,1375
115332,1661,1510
115393,1662,1375
115401,1662,1510
115462,1663,1375
115470,1663,1510
115530,1664,1375
115538,1664,1510
115598,1665,1375
115606,1665,1510
115665,1666,1375
115673,1666,1510
115730,1667,1364
115793,1668,1364
115856,1669,1364
115920,1670,1447
115982,1671,1447
116042,1672,1435
116103,1673,1435
116164,1674,1435
118637,1712,1806
118703,1713,1765
118706,1713,1806
118844,1715,1810
118955,1717,1392
119023,1718,1392
119091,1719,1392
119160,1720,1392
119229,1721,1392
119299,1722,1392
119369,1723,1392
119440,1724,1392
119511,1725,1392
119582,1726,1392
119627,1726,241
119654,1727,1392
119728,1728,1392
119802,1729,1392
119876,1730,1392
119950,1731,1392
120024,1732,1392
120099,1733,1392
120174,1734,1392
120250,1735,1392
120325,1736,1392
120399,1737,1392
120470,1738,1392
120495,1738,1797
120543,1739,1392
120615,1740,1392
120687,1741,1392
120759,1742,1392
120830,1743,1392
120901,1744,1392
120973,1745,1392
121044,1746,1392
121114,1747,1392
121183,1748,1392
121252,1749,1392
121319,1750,1392
121325,1750,1483
121385,1751,1392
121391,1751,1483
121451,1752,1392
121457,1752,1483
121519,1753,1392
121525,1753,1483
121588,1754,1392
121594,1754,1483
121658,1755,1392
121664,1755,1483
121726,1756,1374
121727,1756,1392
121733,1756,1483
121794,1757,1374
121795,1757,1392
121801,1757,1483
121861,1758,1374
121927,1759,1374
121999,1760,1453
122066,1761,1453
122132,1762,1453
123122,1777,1428
123184,1778,1428
124806,1802,335
124875,1803,335
124925,1804,1792
124994,1805,1792
125007,1805,240
125041,1806,1419
125107,1807,1319
125112,1807,1419
125178,1808,1319
125183,1808,1419
125249,1809,1319
125254,1809,1419
125325,1810,1419
125397,1811,1419
125471,1812,1419
125916,1818,1152
126100,1820,1761
126281,1822,424
126319,1823,1497
126399,1824,1497
126478,1825,1497
126558,1826,1497
126638,1827,1497
126719,1828,1497
126770,1828,730
126800,1829,1497
126881,1830,1497
126963,1831,1497
127045,1832,1497
127129,1833,1497
127213,1834,1497
127295,1835,1497
127377,1836,1497
127456,1837,1497
127534,1838,1497
127611,1839,1497
127683,1840,1497
127754,1841,1497
127825,1842,1497
127896,1843,1497
127967,1844,1497
128036,1845,1497
128097,1846,1416
128103,1846,1494
128104,1846,1497
128162,1847,1416
128168,1847,1494
128232,1848,1494
128295,1849,1494
128358,1850,1454
128421,1851,1454
128482,1852,1449
128545,1853,1449
128607,1854,1449
129948,1874,1376
130022,1875,1376
130097,1876,1376
130374,1879,592
130564,1882,1407
130644,1883,1407
130725,1884,1407
130803,1885,1407
130881,1886,1407
130959,1887,1407
131037,1888,1407
131115,1889,1407
131194,1890,1407
131273,1891,1407
131346,1892,1247
131352,1892,1407
131389,1892,285
131426,1893,1247
131432,1893,1407
131469,1893,285
131509,1894,1317
131512,1894,1407
131549,1894,285
131589,1895,1317
131592,1895,1407
131669,1896,1317
131672,1896,1407
131752,1897,1407
131832,1898,1407
131914,1899,1407
131996,1900,1407
132078,1901,1407
132160,1902,1407
132243,1903,1407
132328,1904,1407
132413,1905,1407
132497,1906,1407
132582,1907,1407
132668,1908,1407
132755,1909,1407
132842,1910,1407
132929,1911,1407
133017,1912,1407
133105,1913,1407
133193,1914,1407
133280,1915,1407
133367,1916,1407
133454,1917,1407
133539,1918,1407
133623,1919,1407
133705,1920,1407
133787,1921,1407
133870,1922,1407
133954,1923,1407
134038,1924,1407
134121,1925,1407
134202,1926,1407
134281,1927,1407
134361,1928,1407
134441,1929,1407
134520,1930,1407
134599,1931,1407
134676,1932,1407
134750,1933,1407
134823,1934,1407
134896,1935,1407
134969,1936,1407
138089,1982,1172
138159,1983,1172
138213,1983,701
138275,1984,508
138330,1985,1771
138350,1985,508
138475,1987,1658
138553,1988,1658
138710,1990,1656
138789,1991,1656
139272,1997,167
139361,1998,1809
140128,2007,724
140131,2007,773
140206,2008,724
141248,2023,1420
141314,2024,1420
141380,2025,1420
144645,2072,1769
144689,2072,998
144719,2073,1769
144765,2073,998
145751,2086,1811
145790,2086,780
145827,2087,1759
146127,2091,1246
146130,2091,1347
146213,2092,1347
146298,2093,1347
146382,2094,1347
146464,2095,1347
146546,2096,1347
146626,2097,1347
146701,2098,1347
146732,2098,338
146774,2099,1347
146849,2100,1347
146925,2101,1347
147001,2102,1347
147077,2103,1347
147153,2104,1347
147229,2105,1347
147305,2106,1347
147379,2107,1347
147453,2108,1347
147526,2109,1347
147596,2110,1347
147666,2111,1347
147736,2112,1347
147806,2113,1347
147877,2114,1347
147948,2115,1347
148018,2116,1347
148020,2116,1501
148089,2117,1501
148156,2118,1501
148222,2119,1363
148223,2119,1501
148285,2120,1363
148347,2121,1363
149530,2140,1366
149599,2141,1366
149668,2142,1366
151185,2162,243
151270,2163,243
151577,2167,1450
151662,2168,1450
151747,2169,1450
151833,2170,1450
151919,2171,1450
152006,2172,1450
152093,2173,1450
152180,2174,1450
152267,2175,1450
152327,2175,774
152353,2176,1450
152413,2176,774
152439,2177,1450
152525,2178,1450
152611,2179,1450
152697,2180,1450
152784,2181,1450
152871,2182,1450
152958,2183,1450
153046,2184,1450
153134,2185,1450
153223,2186,1450
153311,2187,1450
153399,2188,1450
153487,2189,1450
153526,2189,328
153554,2189,993
153574,2190,1450
153641,2190,993
153661,2191,1450
153715,2191,664
153748,2192,1450
153802,2192,664
153834,2193,1450
153918,2194,1450
154003,2195,1450
154087,2196,1450
154170,2197,1450
154252,2198,1450
154334,2199,1450
154416,2200,1450
154498,2201,1450
154579,2202,1450
154658,2203,1450
154738,2204,1450
154818,2205,1450
154896,2206,1450
154897,2206,1478
154976,2207,1478
155051,2208,1478
155090,2208,584
155125,2209,1478
155191,2210,1344
155263,2211,1344
155341,2212,1442
155413,2213,1442
155483,2214,1370
155485,2214,1442
155525,2214,583
155554,2215,1370
155627,2216,1370
156645,2230,1389
156718,2231,1389
156868,2233,1446
156943,2234,1446
157020,2235,1446
157561,2242,1356
157643,2243,1356
158394,2252,1369
158426,2252,1784
158478,2253,1369
158510,2253,1784
158523,2253,286
158565,2254,1369
158652,2255,1369
158701,2255,507
158739,2256,1369
158827,2257,1369
158915,2258,1369
159005,2259,1369
159095,2260,1369
159186,2261,1369
159277,2262,1369
159368,2263,1369
159459,2264,1369
159550,2265,1369
159585,2265,1795
159640,2266,1369
159717,2267,1169
159730,2267,1369
159820,2268,1369
159912,2269,1369
160004,2270,1369
160096,2271,1369
160188,2272,1369
160280,2273,1369
160372,2274,1369
160465,2275,1369
160560,2276,1369
160654,2277,1369
160746,2278,1369
160838,2279,1369
160931,2280,1369
161024,2281,1369
161116,2282,1369
161208,2283,1369
161300,2284,1369
161390,2285,1369
161480,2286,1369
161568,2287,1369
161655,2288,1369
161741,2289,1369
161825,2290,1369
161908,2291,1369
161989,2292,1369
162070,2293,1369
162149,2294,1369
162227,2295,1369
162305,2296,1369
162311,2296,1461
162384,2297,1369
162390,2297,1461
162461,2298,1369
162467,2298,1461
162511,2298,576
162545,2299,1461
162588,2299,576
162621,2300,1461
162697,2301,1461
164424,2324,1498
164498,2325,1498
164572,2326,1498
165816,2342,1722
165852,2342,996
165894,2343,1722
165930,2343,996
165974,2344,1778
166052,2345,1778
166061,2345,203
166960,2356,832
167221,2360,1148
167445,2362,1887
167532,2363,1887
167907,2367,753
168569,2375,1384
168661,2376,1384
168750,2377,1384
168839,2378,1384
168928,2379,1384
169013,2380,1384
169098,2381,1384
169181,2382,1384
169264,2383,1384
169347,2384,1384
169430,2385,1384
169509,2386,1384
171613,2414,1502
171689,2415,1502
173063,2432,1316
173115,2432,457
173148,2433,1316
173156,2433,1459
173236,2434,1322
173242,2434,1459
173322,2435,1318
173323,2435,1322
173329,2435,1459
173417,2436,1459
173507,2437,1459
173524,2437,1659
173598,2438,1459
173615,2438,1659
173689,2439,1459
173780,2440,1459
173872,2441,1459
173964,2442,1459
174059,2443,1459
174154,2444,1459
174249,2445,1459
174345,2446,1459
174441,2447,1459
174537,2448,1459
174634,2449,1459
174733,2450,1459
174758,2450,1808
174830,2451,1459
174900,2451,908
174928,2452,1459
175026,2453,1459
175125,2454,1459
175225,2455,1459
175325,2456,1459
175423,2457,1459
175466,2457,34
175522,2458,1459
175620,2459,1459
175717,2460,1459
175816,2461,1459
175915,2462,1459
176011,2463,1459
176107,2464,1459
176200,2465,1459
176290,2466,1459
176378,2467,1459
176465,2468,1459
176552,2469,1459
176639,2470,1459
176724,2471,1459
176810,2472,1459
176897,2473,1459
176983,2474,1459
177070,2475,1459
177158,2476,1459
177159,2476,1496
177244,2477,1459
177245,2477,1496
177331,2478,1459
177332,2478,1496
177378,2478,577
177419,2479,1496
177465,2479,577
177508,2480,1496
177596,2481,1496
178924,2497,1365
179005,2498,1365
179086,2499,1365
180269,2513,582
180983,2522,1336
181069,2523,1336
181205,2524,505
182271,2536,250
182343,2537,1760
182971,2544,1146
183251,2547,1078
183438,2549,1081
183901,2554,1409
183987,2555,1409
184073,2556,1409
184155,2557,1409
184235,2558,1409
184314,2559,1409
184391,2560,1409
184466,2561,1409
184540,2562,1409
184612,2563,1409
184687,2564,1409
184762,2565,1409
184833,2566,1406
184834,2566,1409
184904,2567,1406
184974,2568,1406
185044,2569,1406
185788,2580,1464
185851,2581,1464
186105,2585,1345
186170,2586,1345
186237,2587,1345
186708,2594,1433
186775,2595,1433
186842,2596,1433
187332,2603,1418
187404,2604,1418
187475,2605,1418
187546,2606,1418
187617,2607,1418
187688,2608,1418
187761,2609,1418
187834,2610,1418
187896,2611,1080
187969,2612,1080
188126,2614,1339
188188,2614,910
188200,2615,1339
188263,2615,910
188404,2617,661
188482,2618,661
189117,2626,169
189374,2629,1476
189467,2630,1476
189560,2631,1476
189637,2632,1079
189654,2632,1476
189748,2633,1476
189842,2634,1476
189937,2635,1476
190033,2636,1476
190128,2637,1476
190189,2637,73
190220,2638,1476
190281,2638,723
190312,2639,1476
190404,2640,1476
190496,2641,1476
190571,2641,980
190587,2642,1476
190663,2642,980
190679,2643,1476
190769,2644,1476
190859,2645,1476
190948,2646,1476
191036,2647,1476
191124,2648,1476
191210,2649,1476
191296,2650,1476
191380,2651,1476
191464,2652,1476
191547,2653,1476
191630,2654,1476
191712,2655,1476
191792,2656,1462
191793,2656,1476
191873,2657,1462
191953,2658,1462
192033,2659,1462
195219,2702,1788
195299,2703,1788
196279,2715,155
196297,2715,1812
196722,2720,1886
196808,2721,1886
197276,2726,81
198844,2747,1354
198911,2748,1354
198978,2749,1354
198979,2749,1415
199045,2750,1415
201444,2787,1512
201512,2788,1512
201579,2789,1512
201646,2790,1512
201713,2791,1512
201780,2792,1512
201832,2792,982
201835,2792,997
201847,2793,1512
201899,2793,982
201902,2793,997
201914,2794,1512
201938,2794,496
201977,2795,1243
201982,2795,1512
202007,2795,496
202052,2796,1512
202118,2797,1248
203695,2817,703
203730,2818,1509
203773,2818,70
203809,2819,1509
203830,2819,327
203888,2820,1509
203967,2821,1509
204046,2822,1509
204126,2823,1509
204203,2824,1509
204279,2825,1509
207711,2881,976
207773,2882,976
207776,2882,995
207836,2883,976
207839,2883,995
207851,2884,1427
207893,2884,804
207914,2885,1427
207959,2885,905
207977,2886,1427
208023,2886,905
208041,2887,1427
208105,2888,1427
208169,2889,1427
208234,2890,1427
208301,2891,1427
208368,2892,1427
208435,2893,1427
208503,2894,1427
208572,2895,1427
208640,2896,1427
208666,2896,373
208709,2897,1427
208736,2897,410
208779,2898,1427
208850,2899,1427
208921,2900,1427
208994,2901,1427
209067,2902,1427
209140,2903,1427
209213,2904,1427
209286,2905,1427
209360,2906,1427
209435,2907,1427
209507,2908,1427
209579,2909,1427
209652,2910,1427
209726,2911,1427
209800,2912,1427
209874,2913,1427
209944,2914,1427
210014,2915,1427
210084,2916,1427
210151,2917,1427
210219,2918,1427
210285,2919,1427
210348,2920,1427
210411,2921,1427
210474,2922,1427
210539,2923,1427
210605,2924,1427
210670,2925,1427
210734,2926,1427
213545,2971,1387
213615,2972,1387
213627,2972,1773
213685,2973,1387
213697,2973,1773
213710,2973,201
213755,2974,1387
213818,2975,1245
213825,2975,1387
213895,2976,1387
213966,2977,1387
214038,2978,1387
214110,2979,1387
214184,2980,1387
214258,2981,1387
214332,2982,1387
214406,2983,1387
214480,2984,1387
214554,2985,1387
214618,2986,1171
214629,2986,1387
214704,2987,1387
214768,2988,1166
214781,2988,1387
214858,2989,1387
214921,2990,1145
214936,2990,1387
215015,2991,1387
215095,2992,1387
215176,2993,1387
215257,2994,1387
215339,2995,1387
215421,2996,1387
215502,2997,1387
215581,2998,1387
215661,2999,1387
215741,3000,1387
215775,3000,288
215821,3001,1387
215902,3002,1387
215984,3003,1387
216067,3004,1387
216072,3004,1484
216150,3005,1387
216155,3005,1484
216232,3006,1387
216237,3006,1484
216312,3007,1387
216317,3007,1484
216392,3008,1387
216397,3008,1484
216469,3009,1387
216474,3009,1484
216543,3010,1387
216548,3010,1484
216618,3011,1387
216623,3011,1484
216693,3012,1387
216769,3013,1387
216846,3014,1387
216924,3015,1387
216998,3016,1350
217001,3016,1387
217071,3017,1350
217144,3018,1350
217217,3019,1350
217219,3019,1386
217290,3020,1386
217361,3021,1386
217434,3022,1404
217505,3023,1404
217574,3024,1382
217646,3025,1382
217718,3026,1382
217724,3026,1438
217794,3027,1438
217863,3028,1438
217931,3029,1436
218000,3030,1436
218069,3031,1436
218528,3038,1360
218595,3039,1360
218666,3040,1360
219931,3056,1456
220013,3057,1456
220094,3058,1456
220176,3059,1456
220259,3060,1456
220343,3061,1456
220427,3062,1456
220441,3062,1775
220442,3062,1776
220512,3063,1456
220526,3063,1775
220527,3063,1776
220587,3064,1335
220599,3064,1456
220676,3065,1335
220688,3065,1456
220777,3066,1456
220866,3067,1456
220956,3068,1456
221046,3069,1456
221137,3070,1456
221229,3071,1456
221321,3072,1456
221415,3073,1456
221510,3074,1456
221607,3075,1456
221705,3076,1456
221803,3077,1456
221806,3077,157
221900,3078,1456
221997,3079,1456
222096,3080,1456
222195,3081,1456
222294,3082,1456
222394,3083,1456
222493,3084,1456
222592,3085,1456
222691,3086,1456
222789,3087,1456
222843,3087,826
222883,3088,1456
222975,3089,1456
223033,3089,911
223067,3090,1456
223160,3091,1456
223254,3092,1456
223349,3093,1456
223442,3094,1456
223534,3095,1456
223626,3096,1456
223718,3097,1456
223810,3098,1456
223902,3099,1456
223992,3100,1456
224081,3101,1456
224171,3102,1456
224261,3103,1456
224350,3104,1456
224439,3105,1456
224525,3106,1451
224526,3106,1456
224612,3107,1451
224613,3107,1456
224696,3108,1451
224697,3108,1456
224733,3108,575
224779,3109,1451
224858,3110,1426
224862,3110,1451
224942,3111,1426
224946,3111,1451
225026,3112,1426
225109,3113,1426
225187,3114,1355
225191,3114,1426
225269,3115,1355
225352,3116,1355
225440,3117,1434
225522,3118,1434
225604,3119,1434
225931,3123,1500
226011,3124,1500
226089,3125,1500
228358,3152,1785
228374,3152,32
228448,3153,1785
228690,3156,1378
228780,3157,1378
228870,3158,1378
228960,3159,1378
229051,3160,1378
229134,3161,1251
229142,3161,1378
229233,3162,1378
229327,3163,1378
229422,3164,1378
229518,3165,1378
229555,3165,252
229600,3166,1150
229614,3166,1378
229710,3167,1378
229806,3168,1378
229903,3169,1378
230000,3170,1378
230097,3171,1378
230195,3172,1378
230293,3173,1378
230391,3174,1378
230489,3175,1378
230588,3176,1378
230686,3177,1378
230784,3178,1378
230881,3179,1378
230977,3180,1378
231073,3181,1378
231170,3182,1378
231268,3183,1378
231365,3184,1378
231462,3185,1378
231558,3186,1378
231653,3187,1378
231746,3188,1378
231838,3189,1378
231929,3190,1378
232020,3191,1378
232109,3192,1378
232196,3193,1378
232283,3194,1378
232369,3195,1378
232454,3196,1378
232461,3196,1452
232546,3197,1452
232629,3198,1452
232705,3199,1357
232712,3199,1452
232789,3200,1357
232873,3201,1357
233932,3215,1480
234004,3216,1480
234076,3217,1480
235896,3239,1481
235989,3240,1481
236082,3241,1481
236176,3242,1481
236197,3242,1779
236236,3242,83
236270,3243,1481
236292,3243,1779
236331,3243,83
236354,3244,1320
236366,3244,1481
236450,3245,1320
236462,3245,1481
236521,3245,803
236560,3246,1481
236585,3246,1807
236658,3247,1481
236679,3247,1772
236683,3247,1807
236756,3248,1481
236854,3249,1481
236953,3250,1481
237052,3251,1481
237151,3252,1481
237250,3253,1481
237350,3254,1481
237450,3255,1481
237551,3256,1481
237584,3256,204
237652,3257,1481
237754,3258,1481
237791,3258,422
237857,3259,1481
237961,3260,1481
238066,3261,1481
238173,3262,1481
238281,3263,1481
238391,3264,1481
238501,3265,1481
238609,3266,1481
238718,3267,1481
238826,3268,1481
238933,3269,1481
238992,3269,722
239040,3270,1481
239146,3271,1481
239250,3272,1481
239356,3273,1481
239461,3274,1481
239564,3275,1481
239665,3276,1481
239666,3276,1487
239767,3277,1481
239768,3277,1487
239869,3278,1481
239870,3278,1487
239971,3279,1481
239972,3279,1487
240073,3280,1481
240074,3280,1487
240175,3281,1481
240176,3281,1487
240276,3282,1481
240277,3282,1487
240374,3283,1481
240375,3283,1487
240470,3284,1481
240471,3284,1487
240566,3285,1481
240657,3286,1399
240663,3286,1481
240755,3287,1399
240761,3287,1481
240851,3288,1399
240946,3289,1399
241042,3290,1408
241136,3291,1408
241222,3292,1377
241311,3293,1377
241400,3294,1377
241494,3295,1410
241583,3296,1410
241971,3300,541
242545,3307,1388
242634,3308,1388
244073,3323,1421
244171,3324,1421
244269,3325,1421
244365,3326,1395
244368,3326,1421
244466,3327,1395
244469,3327,1421
244568,3328,1395
244570,3328,1421
244669,3329,1395
244671,3329,1421
244770,3330,1395
244871,3331,1395
244972,3332,1395
245051,3332,978
245074,3333,1395
245101,3333,1782
245153,3333,978
245176,3334,1395
245277,3335,1395
245340,3335,728
245342,3335,74
245378,3336,1395
245479,3337,1395
245499,3337,1655
245581,3338,1395
245601,3338,1655
245683,3339,1395
245786,3340,1395
245889,3341,1395
245992,3342,1395
246095,3343,1395
246198,3344,1395
246302,3345,1395
246377,3345,831
246406,3346,1395
246511,3347,1395
246537,3347,1768
246616,3348,1395
246721,3349,1395
246828,3350,1395
246935,3351,1395
247015,3351,907
247043,3352,1395
247152,3353,1395
247261,3354,1395
247368,3355,1395
247475,3356,1395
247581,3357,1395
247604,3357,1758
247621,3357,287
247682,3358,1395
247782,3359,1395
247881,3360,1395
247978,3361,1395
248074,3362,1395
248169,3363,1395
248265,3364,1395
248360,3365,1395
248454,3366,1395
248543,3367,1395
248629,3368,1395
248712,3369,1395
248793,3370,1395
248873,3371,1395
248952,3372,1395
249032,3373,1395
249110,3374,1395
249187,3375,1395
249265,3376,1395
249269,3376,1471
249342,3377,1395
249345,3377,1417
249346,3377,1471
249420,3378,1417
249421,3378,1471
249496,3379,1471
249567,3380,1411
249640,3381,1411
250070,3387,1482
250139,3388,1482
250204,3389,1414
250273,3390,1414
252555,3422,1338
252613,3422,904
252625,3423,1338
252712,3424,1764
252751,3424,825
252821,3425,825
252834,3426,1333
252906,3427,1333
253529,3435,1774
253692,3437,1883
253770,3438,1883
255717,3468,580
256076,3476,1346
256125,3477,1346
256740,3489,1488
256794,3490,1488
257122,3496,1466
257179,3497,1466
257236,3498,1466
257412,3501,1383
257472,3502,1383
258086,3512,1796
258114,3512,781
258150,3513,1796
258179,3513,781
258400,3517,1334
258942,3525,156
259076,3527,1465
259144,3528,1465
259193,3529,1082
259212,3529,1465
259280,3530,1465
259334,3531,1147
259348,3531,1465
259403,3532,1147
259417,3532,1465
259487,3533,1465
259557,3534,1465
259627,3535,1465
259697,3536,1465
259708,3536,1799
259768,3537,1465
259836,3538,1465
259904,3539,1465
259971,3540,1465
260009,3540,729
260037,3541,1465
260104,3542,1465
260170,3543,1465
260236,3544,1465
260301,3545,1465
260333,3545,660
260367,3546,1465
260428,3547,1465
260489,3548,1465
260548,3549,1465
260606,3550,1465
260663,3551,1465
260718,3552,1465
260772,3553,1465
260826,3554,1465
260881,3555,1465
260936,3556,1465
262334,3580,1397
262394,3581,1397
263055,3592,1440
263119,3593,1440
