,timestep_time,vehicle_id
166,24,1888
183,25,1888
215,27,1639
232,28,1639
249,29,1639
267,30,1639
286,31,1639
306,32,1639
326,33,1639
346,34,1639
366,35,1639
389,36,1639
412,37,1639
436,38,1639
462,39,1639
488,40,1639
514,41,1639
540,42,1639
542,42,1676
566,43,1639
568,43,1676
593,44,1639
595,44,1676
620,45,1639
622,45,1676
647,46,1639
649,46,1676
812,52,1653
841,53,1653
870,54,1653
1398,70,1582
1436,71,1582
1475,72,1582
1761,79,1587
1805,80,1587
1849,81,1587
1893,82,1587
1937,83,1587
1980,84,1587
2023,85,1587
2066,86,1587
2109,87,1587
2152,88,1587
2197,89,1587
2243,90,1587
2291,91,1587
2337,92,1507
2339,92,1587
2386,93,1507
2388,93,1587
2438,94,1587
2489,95,1587
2541,96,1587
2594,97,1587
2647,98,1587
2701,99,1587
2756,100,1587
2812,101,1587
2870,102,1587
2929,103,1587
2990,104,1587
3052,105,1587
3108,106,1342
3114,106,1587
3176,107,1587
3239,108,1587
3301,109,1587
3363,110,1587
3426,111,1587
3489,112,1587
3552,113,1587
3615,114,1587
3677,115,1587
3739,116,1587
3790,117,1163
3800,117,1587
3860,118,1587
3920,119,1587
3980,120,1587
4041,121,1587
4103,122,1587
4167,123,1587
4230,124,1587
4294,125,1587
4358,126,1587
4421,127,1587
4485,128,1587
4549,129,1587
4613,130,1587
4675,131,1587
4737,132,1587
4799,133,1587
4861,134,1587
4922,135,1587
4983,136,1587
4985,136,1606
5046,137,1606
5105,138,1606
5131,138,665
5162,139,1599
5163,139,1606
5188,139,665
5219,140,1599
5275,141,1599
5330,142,1539
5386,143,1539
5442,144,1539
5447,144,1661
5502,145,1661
5558,146,1661
7522,182,421
7578,183,421
8262,195,1001
8464,198,1547
8527,199,1547
8590,200,1547
8653,201,1547
8717,202,1547
8781,203,1547
8845,204,1547
8909,205,1547
8972,206,1547
9032,207,1547
9092,208,1547
9152,209,1547
9212,210,1547
9274,211,1547
9336,212,1547
9398,213,1547
9460,214,1547
9520,215,1547
9579,216,1547
9636,217,1547
9693,218,1547
9751,219,1547
9808,220,1547
9864,221,1547
9920,222,1547
9977,223,1547
10035,224,1547
10094,225,1547
10153,226,1547
10907,240,1662
10960,241,1662
11009,242,1593
11064,243,1593
11119,244,1593
11122,244,1646
11178,245,1646
11234,246,1646
11290,247,1646
13456,283,1596
13522,284,1596
13590,285,1596
13658,286,1596
13665,286,1766
13666,286,1767
13727,287,1596
13796,288,1596
13828,288,509
13865,289,1596
13935,290,1596
14006,291,1596
14078,292,1596
14151,293,1596
14224,294,1596
14296,295,1596
14367,296,1596
14438,297,1596
14467,297,423
14509,298,1596
14578,299,1596
14645,300,1596
14713,301,1596
14782,302,1596
14851,303,1596
14919,304,1596
14987,305,1596
15054,306,1596
15120,307,1596
15185,308,1596
15247,309,1596
15307,310,1596
15367,311,1596
15426,312,1596
15485,313,1596
15543,314,1596
15603,315,1596
15663,316,1596
15812,318,677
17421,347,1610
17478,348,1610
18341,362,593
18403,363,593
19200,376,1651
19264,377,1651
19328,378,1651
19392,379,1651
19457,380,1651
19522,381,1651
19587,382,1651
19655,383,1651
19723,384,1651
19782,385,1505
19789,385,1651
19854,386,1651
19919,387,1651
19982,388,1651
20044,389,1651
20106,390,1651
20168,391,1651
20230,392,1651
20292,393,1651
20352,394,1651
20410,395,1651
20465,396,1651
20521,397,1651
20577,398,1651
20631,399,1651
20686,400,1651
20742,401,1651
20799,402,1651
20858,403,1651
20917,404,1651
20975,405,1651
21032,406,1651
21089,407,1651
21145,408,1651
21173,408,666
22894,438,1557
22957,439,1557
23833,452,1804
23902,453,1804
24044,455,1892
24115,456,1892
26636,490,1668
26713,491,1668
26791,492,1668
26870,493,1668
26947,494,1668
27025,495,1668
27102,496,1668
27175,497,1529
27249,498,1529
27324,499,1529
27733,504,678
29041,523,1632
29113,524,1632
29329,527,1647
29401,528,1647
30272,540,1528
30345,541,1528
30419,542,1528
30462,542,590
30463,542,591
30493,543,1528
30536,543,590
30537,543,591
30567,544,1528
30641,545,1528
30716,546,1528
30792,547,1528
30868,548,1528
30946,549,1528
31023,550,1528
31100,551,1528
31177,552,1528
31254,553,1528
31331,554,1528
31408,555,1528
31486,556,1528
31541,556,994
31562,557,1528
31603,557,506
31641,558,1528
31720,559,1528
31800,560,1528
31879,561,1528
31960,562,1528
32041,563,1528
32122,564,1528
32203,565,1528
32283,566,1528
32363,567,1528
32443,568,1528
32519,569,1528
32594,570,1528
32666,571,1528
32739,572,1528
32811,573,1528
32882,574,1528
32952,575,1528
33022,576,1528
33092,577,1528
33161,578,1528
33229,579,1528
33295,580,1528
33359,581,1528
33423,582,1528
33487,583,1528
33550,584,1528
33614,585,1528
33678,586,1528
36004,622,1525
36075,623,1525
36502,629,1595
36576,630,1595
36650,631,1595
36724,632,1595
36758,632,420
36798,633,1595
36832,633,420
36872,634,1595
36946,635,1595
37021,636,1595
37097,637,1595
37174,638,1595
37252,639,1595
37331,640,1595
37412,641,1595
37493,642,1595
37575,643,1595
37657,644,1595
37739,645,1595
37821,646,1595
37828,646,1780
37830,646,1789
37902,647,1595
37983,648,1595
38065,649,1595
38147,650,1595
38228,651,1595
38310,652,1595
38392,653,1595
38475,654,1595
38558,655,1595
38641,656,1595
38672,656,253
38724,657,1595
38804,658,1595
38884,659,1595
38964,660,1595
39045,661,1595
39125,662,1595
39203,663,1595
39283,664,1595
39362,665,1595
39442,666,1595
39522,667,1595
39601,668,1595
39678,669,1595
39753,670,1595
39829,671,1595
39905,672,1595
39982,673,1595
40059,674,1595
40136,675,1595
40212,676,1595
40289,677,1595
40364,678,1576
40365,678,1595
40401,678,669
40440,679,1576
40441,679,1595
40515,680,1576
40516,680,1595
40590,681,1576
40591,681,1595
40662,682,1576
40734,683,1576
40806,684,1576
40878,685,1576
40950,686,1576
43763,722,1503
43776,722,1798
43851,723,1503
43864,723,1798
45054,736,1781
45247,738,1791
45826,744,1508
46108,747,1170
46683,753,1607
46771,754,1607
46859,755,1607
46942,756,1607
47024,757,1607
47108,758,1607
47190,759,1607
47270,760,1607
47349,761,1607
47427,762,1607
47502,763,1607
47575,764,1607
47648,765,1607
47719,766,1543
47721,766,1607
47793,767,1543
47867,768,1543
47940,769,1543
48827,782,1673
48893,783,1673
50314,802,1562
50392,803,1562
51088,812,1167
51170,813,1167
51983,822,1640
52073,823,1640
52163,824,1640
52252,825,1640
52341,826,1640
52430,827,1640
52519,828,1640
52608,829,1640
52698,830,1640
52788,831,1640
52879,832,1640
52971,833,1640
52973,833,1675
53063,834,1640
53065,834,1675
53157,835,1640
53159,835,1675
53252,836,1640
53254,836,1675
53344,837,1640
53346,837,1675
53435,838,1640
53437,838,1675
53527,839,1640
53529,839,1675
53618,840,1640
53620,840,1675
53710,841,1640
53802,842,1640
53894,843,1640
53986,844,1640
54078,845,1640
54171,846,1640
54262,847,1640
54352,848,1640
54443,849,1640
54534,850,1640
54624,851,1640
54713,852,1640
54801,853,1640
54888,854,1640
54975,855,1640
55061,856,1640
55894,866,1550
55974,867,1550
56051,868,1550
57681,889,1637
58713,902,1000
58799,903,1000
59177,907,1605
59268,908,1605
59359,909,1605
59450,910,1605
59541,911,1605
59632,912,1605
59723,913,1605
59814,914,1605
59905,915,1605
59995,916,1605
60052,916,84
60085,917,1605
60175,918,1605
60266,919,1605
60356,920,1605
60446,921,1605
60536,922,1605
60627,923,1605
60719,924,1605
60811,925,1605
60903,926,1605
60995,927,1605
61051,927,830
61085,928,1605
61175,929,1605
61263,930,1605
61351,931,1605
61441,932,1605
61531,933,1605
61618,934,1605
61705,935,1605
61791,936,1605
61872,937,1605
61954,938,1605
62035,939,1605
62112,940,1605
62187,941,1605
62261,942,1605
62335,943,1605
62408,944,1605
62481,945,1605
62554,946,1605
62559,946,1654
62634,947,1654
62708,948,1654
62774,949,1584
62780,949,1654
62845,950,1584
64302,972,1548
64369,973,1548
65684,992,165
65747,993,1511
65752,993,165
66015,997,1506
66585,1005,1790
67517,1018,254
68791,1040,1561
68839,1041,1561
68887,1042,1561
70226,1072,1555
70274,1073,1555
70706,1082,1164
70758,1083,1164
71470,1095,1786
71506,1095,999
72285,1108,1672
72351,1109,1672
72416,1110,1672
72482,1111,1672
72548,1112,1672
72614,1113,1672
72680,1114,1672
72746,1115,1672
72811,1116,1672
72872,1117,1672
72933,1118,1672
72993,1119,1672
73054,1120,1672
73114,1121,1672
73175,1122,1672
73237,1123,1672
73299,1124,1672
73361,1125,1672
73421,1126,1597
73423,1126,1672
73482,1127,1597
73542,1128,1597
73602,1129,1597
73661,1130,1591
73723,1131,1591
73782,1132,1544
73846,1133,1544
73910,1134,1544
75246,1154,1566
75320,1155,1566
75398,1156,1641
75472,1157,1641
75546,1158,1641
75846,1162,1616
75922,1163,1616
76654,1172,1803
76739,1173,1803
76767,1173,594
77586,1183,1535
77673,1184,1535
77750,1185,1340
77759,1185,1535
77845,1186,1535
77930,1187,1535
78015,1188,1535
78101,1189,1535
78119,1189,1891
78188,1190,1535
78206,1190,1891
78275,1191,1535
78363,1192,1535
78452,1193,1535
78541,1194,1535
78631,1195,1535
78722,1196,1535
78813,1197,1535
78903,1198,1535
78994,1199,1535
79085,1200,1535
79177,1201,1535
79271,1202,1535
79364,1203,1535
79455,1204,1535
79547,1205,1535
79636,1206,1535
79724,1207,1535
79809,1208,1535
79892,1209,1535
79974,1210,1535
80056,1211,1535
80138,1212,1535
80220,1213,1535
80302,1214,1535
80382,1215,1535
80460,1216,1535
80468,1216,1667
80546,1217,1667
80624,1218,1667
80696,1219,1549
80702,1219,1667
80774,1220,1549
80851,1221,1549
80930,1222,1635
81003,1223,1635
81076,1224,1635
85207,1275,336
85376,1277,1763
86040,1284,1573
86139,1285,1573
86238,1286,1573
86337,1287,1573
86436,1288,1573
86535,1289,1573
86633,1290,1573
86732,1291,1573
86831,1292,1573
86930,1293,1573
87030,1294,1573
87129,1295,1573
87228,1296,1573
87327,1297,1573
87425,1298,1573
87525,1299,1573
87624,1300,1573
87721,1301,1573
87817,1302,1573
87915,1303,1573
88014,1304,1573
88113,1305,1573
88208,1306,1564
88209,1306,1573
88303,1307,1564
88397,1308,1564
88490,1309,1564
89387,1319,1563
89472,1320,1563
89558,1321,1563
89564,1321,1657
89649,1322,1657
89735,1323,1657
90500,1332,1671
90584,1333,1671
90930,1337,1627
91020,1338,1627
91194,1340,1522
91285,1341,1522
92196,1351,1589
92289,1352,1589
92382,1353,1589
92475,1354,1589
92568,1355,1589
92661,1356,1589
92756,1357,1589
92852,1358,1589
92950,1359,1589
93050,1360,1589
93150,1361,1589
93250,1362,1589
93351,1363,1589
93453,1364,1589
93555,1365,1589
93657,1366,1589
93669,1366,1787
93759,1367,1589
93861,1368,1589
93946,1369,1341
93963,1369,1589
94065,1370,1589
94167,1371,1589
94271,1372,1589
94374,1373,1589
94478,1374,1589
94582,1375,1589
94686,1376,1589
94762,1377,1165
94790,1377,1589
94890,1378,1589
94989,1379,1589
95086,1380,1589
95180,1381,1589
95275,1382,1589
95368,1383,1589
95459,1384,1589
95548,1385,1589
95633,1386,1589
95718,1387,1589
95801,1388,1589
95880,1389,1589
95958,1390,1589
96034,1391,1589
96109,1392,1589
96185,1393,1589
96262,1394,1589
96340,1395,1589
96417,1396,1589
96418,1396,1625
96496,1397,1625
96572,1398,1625
96643,1399,1516
96647,1399,1625
96718,1400,1516
96793,1401,1516
97008,1404,1514
97077,1405,1514
97362,1409,1545
97432,1410,1545
97502,1411,1545
100899,1457,1518
100984,1458,1518
101069,1459,1518
101154,1460,1518
101240,1461,1518
101326,1462,1518
101412,1463,1518
101498,1464,1518
101583,1465,1518
101667,1466,1518
101751,1467,1518
101763,1467,1793
101833,1468,1518
101915,1469,1518
101925,1469,1777
101997,1470,1518
102007,1470,1777
102079,1471,1518
102161,1472,1518
102183,1472,1890
102244,1473,1518
102266,1473,1890
102328,1474,1518
102413,1475,1518
102497,1476,1518
102578,1477,1518
102659,1478,1518
102738,1479,1518
102816,1480,1518
102894,1481,1518
102970,1482,1518
103043,1483,1518
103113,1484,1518
103183,1485,1518
103253,1486,1518
103654,1492,1526
103715,1493,1526
105278,1517,1680
105347,1518,1680
105417,1519,1680
105488,1520,1680
105560,1521,1680
105634,1522,1680
105705,1523,1559
105708,1523,1680
105780,1524,1559
105783,1524,1680
105858,1525,1680
105932,1526,1680
106005,1527,1680
106079,1528,1680
106152,1529,1680
106225,1530,1680
106299,1531,1680
106373,1532,1680
106377,1532,1794
106395,1532,337
106447,1533,1680
106451,1533,1794
106521,1534,1680
106565,1535,1002
106596,1535,1680
106673,1536,1680
106751,1537,1680
106829,1538,1680
106907,1539,1680
106986,1540,1680
107065,1541,1680
107144,1542,1680
107223,1543,1680
107303,1544,1680
107383,1545,1680
107462,1546,1680
107500,1546,82
107539,1547,1680
107616,1548,1680
107693,1549,1680
107760,1550,1504
107770,1550,1680
107848,1551,1680
107927,1552,1680
108007,1553,1680
108087,1554,1680
108169,1555,1680
108251,1556,1680
108334,1557,1680
108416,1558,1680
108495,1559,1680
108572,1560,166
108574,1560,1680
108653,1561,1680
108733,1562,1680
108813,1563,1680
108892,1564,1680
108971,1565,1680
109048,1566,1680
109126,1567,1680
109204,1568,1680
109279,1569,1680
109353,1570,1680
109426,1571,1680
109496,1572,1680
109565,1573,1680
109634,1574,1680
109703,1575,1680
109772,1576,1680
109841,1577,1680
109872,1577,679
109940,1578,679
110042,1580,1660
110108,1581,1660
110171,1582,1660
112105,1614,1623
112167,1615,1623
112229,1616,1623
112987,1628,1572
113052,1629,1572
113118,1630,1572
113184,1631,1572
113251,1632,1572
113319,1633,1572
113387,1634,1572
113456,1635,1572
113464,1635,1783
113526,1636,1572
113596,1637,1572
113666,1638,1572
113736,1639,1572
113807,1640,1572
113878,1641,1572
113953,1642,1572
114028,1643,1572
114103,1644,1572
114177,1645,1572
114252,1646,1572
114327,1647,1572
114400,1648,1572
114472,1649,1572
114544,1650,1572
114617,1651,1572
114690,1652,1572
114764,1653,1572
114838,1654,1572
114911,1655,1572
114984,1656,1572
115057,1657,1572
115127,1658,1572
115197,1659,1572
115268,1660,1572
115337,1661,1572
115406,1662,1572
115475,1663,1572
115543,1664,1572
115611,1665,1572
115678,1666,1572
116299,1676,1626
116361,1677,1626
116423,1678,1626
117122,1689,1536
117185,1690,1536
117250,1691,1536
117691,1698,1517
117822,1700,1551
118620,1712,1510
118689,1713,1510
119238,1721,1515
119308,1722,1515
119378,1723,1515
119449,1724,1515
119520,1725,1515
119536,1725,1806
119590,1726,1515
119662,1727,1515
119736,1728,1515
119810,1729,1515
119884,1730,1515
119958,1731,1515
120032,1732,1515
120108,1733,1515
120183,1734,1515
120259,1735,1515
120333,1736,1515
120407,1737,1515
120478,1738,1515
120551,1739,1515
120623,1740,1515
120695,1741,1515
120767,1742,1515
120838,1743,1515
120909,1744,1515
120981,1745,1515
121052,1746,1515
121122,1747,1515
121191,1748,1515
121260,1749,1515
121327,1750,1515
121393,1751,1515
121459,1752,1515
121527,1753,1515
121596,1754,1515
121666,1755,1515
121735,1756,1515
121809,1757,1634
121876,1758,1634
121942,1759,1634
124788,1802,1797
124857,1803,1797
125336,1810,1578
125408,1811,1578
125482,1812,1578
125557,1813,1578
125633,1814,1578
125709,1815,1578
125786,1816,1578
125819,1816,335
125862,1817,1578
125938,1818,1578
125950,1818,1792
126014,1819,1578
126090,1820,1578
126167,1821,1578
126245,1822,1578
126324,1823,1578
126404,1824,1578
126483,1825,1578
126563,1826,1578
126643,1827,1578
126724,1828,1578
126805,1829,1578
126886,1830,1578
126968,1831,1578
127050,1832,1578
127134,1833,1578
127218,1834,1578
127300,1835,1578
127381,1836,1578
127460,1837,1578
127538,1838,1578
127615,1839,1578
127687,1840,1578
127758,1841,1578
127829,1842,1578
127900,1843,1578
127970,1844,1578
128039,1845,1578
128107,1846,1578
130185,1877,1670
130261,1878,1670
131397,1892,424
131406,1892,730
131477,1893,424
131486,1893,730
131601,1895,1581
131681,1896,1581
131761,1897,1581
131802,1897,592
131841,1898,1581
131923,1899,1581
132005,1900,1581
132087,1901,1581
132169,1902,1581
132252,1903,1581
132337,1904,1581
132422,1905,1581
132506,1906,1581
132591,1907,1581
132677,1908,1581
132764,1909,1581
132851,1910,1581
132938,1911,1581
133026,1912,1581
133113,1913,1581
133201,1914,1581
133288,1915,1581
133375,1916,1581
133462,1917,1581
133547,1918,1581
133631,1919,1581
133713,1920,1581
133795,1921,1581
133878,1922,1581
133962,1923,1581
134045,1924,1581
134128,1925,1581
134209,1926,1581
134288,1927,1581
134368,1928,1581
134448,1929,1581
134527,1930,1581
134606,1931,1581
134683,1932,1581
134757,1933,1581
134830,1934,1581
134903,1935,1581
134976,1936,1581
134981,1936,1669
135055,1937,1669
135128,1938,1669
135199,1939,1658
135200,1939,1669
135270,1940,1658
135339,1941,1658
135407,1942,1656
135475,1943,1656
135544,1944,1656
135549,1944,1678
135618,1945,1678
136226,1954,1628
136294,1955,1628
136949,1965,1530
137015,1966,1530
137081,1967,1530
139094,1995,1172
139300,1997,508
139520,2000,1771
139586,2001,1533
139666,2002,1533
139746,2003,1533
139827,2004,1533
139909,2005,1533
139992,2006,1533
140075,2007,1533
140155,2008,1533
140233,2009,1533
140309,2010,1533
140323,2010,1809
140385,2011,1533
140462,2012,1533
140539,2013,1533
140616,2014,1533
140693,2015,1533
140769,2016,1533
140842,2017,1533
140915,2018,1533
140983,2019,1533
141050,2020,1533
141118,2021,1533
141186,2022,1533
141252,2023,1533
141318,2024,1533
141384,2025,1533
141451,2026,1533
141795,2031,1598
141862,2032,1598
141931,2033,1631
141998,2034,1631
142611,2043,1553
142679,2044,1553
142745,2045,1553
143278,2053,1537
143346,2054,1537
143414,2055,1537
144638,2072,167
144640,2072,168
144712,2073,167
145408,2082,1532
145489,2083,1532
145570,2084,1532
145651,2085,1532
145668,2085,1769
145717,2085,998
145732,2086,1532
145812,2087,1532
145892,2088,1532
145972,2089,1532
146052,2090,1532
146134,2091,1532
146218,2092,1532
146303,2093,1532
146387,2094,1532
146469,2095,1532
146550,2096,1532
146629,2097,1532
146647,2097,1811
146704,2098,1532
146778,2099,1532
146853,2100,1532
146929,2101,1532
147005,2102,1532
147081,2103,1532
147157,2104,1532
147233,2105,1532
147309,2106,1532
147383,2107,1532
147457,2108,1532
147530,2109,1532
147600,2110,1532
147670,2111,1532
147740,2112,1532
147810,2113,1532
147881,2114,1532
147952,2115,1532
148022,2116,1532
148030,2116,1638
148099,2117,1638
148166,2118,1638
148230,2119,1567
148293,2120,1567
148355,2121,1567
148413,2122,1565
148472,2123,1565
148530,2124,1565
150091,2148,1602
150692,2156,1648
150769,2157,1648
150846,2158,1648
150925,2159,1648
151004,2160,1648
151086,2161,1648
151169,2162,1648
151190,2162,338
151253,2163,1648
151275,2163,338
151338,2164,1648
151423,2165,1648
151508,2166,1648
151593,2167,1648
151678,2168,1648
151763,2169,1648
151849,2170,1648
151935,2171,1648
152022,2172,1648
152109,2173,1648
152196,2174,1648
152260,2175,1337
152283,2175,1648
152369,2176,1648
152455,2177,1648
152541,2178,1648
152627,2179,1648
152713,2180,1648
152800,2181,1648
152887,2182,1648
152974,2183,1648
153062,2184,1648
153151,2185,1648
153240,2186,1648
153328,2187,1648
153417,2188,1648
153505,2189,1648
153592,2190,1648
153679,2191,1648
153766,2192,1648
153852,2193,1648
153936,2194,1648
154020,2195,1648
154104,2196,1648
154186,2197,1648
154267,2198,1648
154349,2199,1648
154431,2200,1648
154513,2201,1648
154593,2202,1648
154672,2203,1648
154752,2204,1648
154832,2205,1648
154904,2206,1594
154910,2206,1648
154982,2207,1594
155057,2208,1594
155131,2209,1594
155135,2209,1645
155208,2210,1645
155281,2211,1645
155346,2212,1524
155418,2213,1524
155490,2214,1524
155497,2214,1620
155568,2215,1620
155642,2216,1620
155708,2217,1519
155716,2217,1620
155782,2218,1519
155854,2219,1519
155930,2220,1556
156004,2221,1556
156078,2222,1556
156511,2228,1540
156582,2229,1540
156654,2230,1540
158151,2249,1523
158236,2250,1523
158321,2251,1523
158405,2252,1523
158461,2252,993
158489,2253,1523
158547,2253,993
158576,2254,1523
158663,2255,1523
158750,2256,1523
158838,2257,1523
158926,2258,1523
159016,2259,1523
159106,2260,1523
159197,2261,1523
159288,2262,1523
159379,2263,1523
159470,2264,1523
159561,2265,1523
159584,2265,1784
159651,2266,1523
159741,2267,1523
159831,2268,1523
159923,2269,1523
159964,2269,507
160015,2270,1523
160107,2271,1523
160199,2272,1523
160291,2273,1523
160383,2274,1523
160476,2275,1523
160571,2276,1523
160596,2276,1795
160665,2277,1523
160757,2278,1523
160849,2279,1523
160941,2280,1523
161034,2281,1523
161126,2282,1523
161218,2283,1523
161310,2284,1523
161400,2285,1523
161490,2286,1523
161578,2287,1523
161665,2288,1523
161751,2289,1523
161835,2290,1523
161918,2291,1523
161999,2292,1523
162079,2293,1523
162158,2294,1523
162236,2295,1523
162314,2296,1523
162324,2296,1621
162393,2297,1523
162403,2297,1621
162480,2298,1621
162558,2299,1621
162631,2300,1614
162707,2301,1614
162786,2302,1636
162860,2303,1636
162936,2304,1636
164059,2319,1604
164134,2320,1604
164281,2322,1552
164356,2323,1552
164430,2324,1552
166885,2355,996
167014,2357,1778
167162,2359,1541
167246,2360,1541
167333,2361,1541
167420,2362,1541
167507,2363,1541
167595,2364,1541
167683,2365,1541
167772,2366,1541
167861,2367,1541
167910,2367,832
167949,2368,1541
168037,2369,1541
168123,2370,1541
168212,2371,1541
168303,2372,1541
168395,2373,1541
168488,2374,1541
168581,2375,1541
168673,2376,1541
168762,2377,1541
168851,2378,1541
168940,2379,1541
169025,2380,1541
169110,2381,1541
169193,2382,1541
169276,2383,1541
169358,2384,1541
169441,2385,1541
169520,2386,1541
169606,2387,1624
169685,2388,1624
169763,2389,1624
169838,2390,1624
169840,2390,1659
169913,2391,1624
169915,2391,1659
169990,2392,1659
170064,2393,1659
170137,2394,1659
172574,2426,1534
172657,2427,1534
172740,2428,1534
172823,2429,1534
172907,2430,1534
172991,2431,1534
173076,2432,1534
173161,2433,1534
173248,2434,1534
173335,2435,1534
173423,2436,1534
173513,2437,1534
173604,2438,1534
173695,2439,1534
173786,2440,1534
173878,2441,1534
173971,2442,1534
174066,2443,1534
174161,2444,1534
174256,2445,1534
174352,2446,1534
174448,2447,1534
174544,2448,1534
174641,2449,1534
174740,2450,1534
174837,2451,1534
174935,2452,1534
175033,2453,1534
175132,2454,1534
175232,2455,1534
175332,2456,1534
175430,2457,1534
175529,2458,1534
175627,2459,1534
175724,2460,1534
175823,2461,1534
175922,2462,1534
176018,2463,1534
176114,2464,1534
176207,2465,1534
176296,2466,1534
176384,2467,1534
176471,2468,1534
176558,2469,1534
176645,2470,1534
176730,2471,1534
176816,2472,1534
176903,2473,1534
176989,2474,1534
177076,2475,1534
177164,2476,1534
177166,2476,1585
177253,2477,1585
177340,2478,1585
177427,2479,1585
177517,2480,1592
177605,2481,1592
178686,2494,1560
178768,2495,1560
178850,2496,1560
179018,2498,1633
179098,2499,1633
181004,2522,1808
181090,2523,1808
182233,2536,1336
182372,2537,505
182519,2539,1579
182612,2540,1579
182706,2541,1579
182801,2542,1579
182897,2543,1579
182993,2544,1579
183089,2545,1579
183184,2546,1579
183278,2547,1579
183307,2547,250
183371,2548,1579
183462,2549,1579
183552,2550,1579
183642,2551,1579
183732,2552,1579
183822,2553,1579
183910,2554,1579
183996,2555,1579
184082,2556,1579
184164,2557,1579
184244,2558,1579
184323,2559,1579
184400,2560,1579
184475,2561,1579
184549,2562,1579
184622,2563,1579
184697,2564,1579
184771,2565,1579
184843,2566,1579
184845,2566,1613
184916,2567,1613
184986,2568,1613
185055,2569,1600
185056,2569,1613
185125,2570,1600
185194,2571,1600
185258,2572,1520
185325,2573,1520
185392,2574,1520
187416,2604,1629
187487,2605,1629
187558,2606,1629
189019,2625,1546
189108,2626,1546
189182,2627,1339
189198,2627,1546
189289,2628,1546
189381,2629,1546
189474,2630,1546
189567,2631,1546
189661,2632,1546
189755,2633,1546
189849,2634,1546
189944,2635,1546
190040,2636,1546
190134,2637,1546
190143,2637,169
190226,2638,1546
190318,2639,1546
190410,2640,1546
190502,2641,1546
190509,2641,1679
190593,2642,1546
190600,2642,1679
190685,2643,1546
190692,2643,1679
190775,2644,1546
190782,2644,1679
190864,2645,1546
190871,2645,1679
190952,2646,1546
190959,2646,1679
191040,2647,1546
191047,2647,1679
191128,2648,1546
191135,2648,1679
191214,2649,1546
191300,2650,1546
191384,2651,1546
191468,2652,1546
191551,2653,1546
191634,2654,1546
191716,2655,1546
191797,2656,1546
191799,2656,1571
191880,2657,1571
191960,2658,1571
192004,2658,676
192040,2659,1571
192120,2660,1588
192200,2661,1588
192274,2662,1542
192351,2663,1542
194041,2686,668
196380,2716,1788
196453,2717,1622
196537,2718,1622
196621,2719,1622
196706,2720,1622
196792,2721,1622
196878,2722,1622
196965,2723,1622
197051,2724,1622
197137,2725,1622
197223,2726,1622
197307,2727,1622
197318,2727,1812
197389,2728,1622
197469,2729,1622
197477,2729,1770
197551,2730,1622
197633,2731,1622
197716,2732,1622
197800,2733,1622
197883,2734,1622
197965,2735,1622
198049,2736,1622
198130,2737,1622
198210,2738,1622
198286,2739,1622
198361,2740,1622
198434,2741,1622
198507,2742,1622
198578,2743,1622
198649,2744,1622
198718,2745,1622
198786,2746,1622
198787,2746,1652
198854,2747,1652
198921,2748,1652
198951,2748,675
198987,2749,1652
199051,2750,1618
199114,2751,1618
201826,2792,81
201893,2793,81
202845,2806,997
203018,2809,1512
205257,2839,667
205696,2847,1601
205755,2848,1601
205812,2849,1601
206559,2862,1663
206613,2863,1663
206668,2864,1663
207728,2882,1509
207790,2883,1509
207855,2884,1577
207918,2885,1577
207981,2886,1577
208045,2887,1577
208109,2888,1577
208173,2889,1577
208239,2890,1577
208306,2891,1577
208373,2892,1577
208440,2893,1577
208508,2894,1577
208576,2895,1577
208627,2895,995
208644,2896,1577
208713,2897,1577
208783,2898,1577
208854,2899,1577
208925,2900,1577
208998,2901,1577
209071,2902,1577
209144,2903,1577
209217,2904,1577
209290,2905,1577
209364,2906,1577
209439,2907,1577
209511,2908,1577
209583,2909,1577
209656,2910,1577
209730,2911,1577
209804,2912,1577
209878,2913,1577
209948,2914,1577
210018,2915,1577
210088,2916,1577
210155,2917,1577
210223,2918,1577
210289,2919,1577
210352,2920,1577
210415,2921,1577
210478,2922,1577
210543,2923,1577
210609,2924,1577
210674,2925,1577
210738,2926,1577
210742,2926,1644
210806,2927,1644
210870,2928,1644
210932,2929,1643
210933,2929,1644
210996,2930,1643
211059,2931,1643
211119,2932,1586
211182,2933,1586
211240,2934,1554
211301,2935,1554
211361,2936,1531
211362,2936,1554
211421,2937,1531
211480,2938,1531
214569,2985,1773
215271,2994,1677
215353,2995,1677
215434,2996,1664
215435,2996,1677
215490,2997,1171
215515,2997,1664
215516,2997,1677
215594,2998,1664
215595,2998,1677
215648,2999,1166
215674,2999,1664
215675,2999,1677
215728,3000,1166
215754,3000,1664
215755,3000,1677
215834,3001,1664
215835,3001,1677
215915,3002,1664
215916,3002,1677
215998,3003,1664
216081,3004,1664
216164,3005,1664
216246,3006,1664
216326,3007,1664
216406,3008,1664
216483,3009,1664
216557,3010,1664
216632,3011,1664
216706,3012,1664
216782,3013,1664
216859,3014,1664
216937,3015,1664
217014,3016,1664
217300,3020,1630
217371,3021,1630
217442,3022,1630
218679,3040,1642
218752,3041,1642
218827,3042,1642
220348,3061,1619
220432,3062,1619
220517,3063,1619
220604,3064,1619
220693,3065,1619
220782,3066,1619
220871,3067,1619
220961,3068,1619
221051,3069,1619
221142,3070,1619
221234,3071,1619
221326,3072,1619
221420,3073,1619
221516,3074,1619
221613,3075,1619
221622,3075,1775
221711,3076,1619
221789,3077,1335
221809,3077,1619
221906,3078,1619
222003,3079,1619
222102,3080,1619
222201,3081,1619
222300,3082,1619
222400,3083,1619
222499,3084,1619
222598,3085,1619
222697,3086,1619
222795,3087,1619
222889,3088,1619
222981,3089,1619
223073,3090,1619
223166,3091,1619
223260,3092,1619
223355,3093,1619
223448,3094,1619
223540,3095,1619
223632,3096,1619
223636,3096,1681
223724,3097,1619
223728,3097,1681
223816,3098,1619
223820,3098,1681
223908,3099,1619
223912,3099,1681
223998,3100,1619
224002,3100,1681
224087,3101,1619
224091,3101,1681
224177,3102,1619
224181,3102,1681
224267,3103,1619
224271,3103,1681
224356,3104,1619
224445,3105,1619
224531,3106,1615
224532,3106,1619
224618,3107,1615
224619,3107,1619
224702,3108,1615
224785,3109,1615
224867,3110,1603
224868,3110,1615
224951,3111,1603
225035,3112,1603
225116,3113,1513
225118,3113,1603
225198,3114,1513
225280,3115,1513
226407,3129,1612
226487,3130,1612
228971,3159,1527
229062,3160,1527
229153,3161,1527
229244,3162,1527
229338,3163,1527
229433,3164,1527
229529,3165,1527
229625,3166,1527
229641,3166,1785
229721,3167,1527
229817,3168,1527
229914,3169,1527
230011,3170,1527
230108,3171,1527
230206,3172,1527
230304,3173,1527
230402,3174,1527
230500,3175,1527
230599,3176,1527
230697,3177,1527
230723,3177,252
230795,3178,1527
230892,3179,1527
230988,3180,1527
231084,3181,1527
231181,3182,1527
231279,3183,1527
231376,3184,1527
231473,3185,1527
231569,3186,1527
231664,3187,1527
231757,3188,1527
231849,3189,1527
231940,3190,1527
232031,3191,1527
232120,3192,1527
232207,3193,1527
232294,3194,1527
232380,3195,1527
232465,3196,1527
232550,3197,1527
232718,3199,1570
232802,3200,1570
235905,3239,1655
235998,3240,1655
236092,3241,1655
236186,3242,1655
236281,3243,1655
236377,3244,1655
236473,3245,1655
236571,3246,1655
236669,3247,1655
236767,3248,1655
236865,3249,1655
236964,3250,1655
237063,3251,1655
237162,3252,1655
237261,3253,1655
237361,3254,1655
237363,3254,1682
237461,3255,1655
237463,3255,1682
237562,3256,1655
237564,3256,1682
237615,3256,83
237663,3257,1655
237665,3257,1682
237765,3258,1655
237767,3258,1682
237869,3259,1655
237871,3259,1682
237883,3259,1807
237973,3260,1655
237975,3260,1682
238078,3261,1655
238080,3261,1682
238088,3261,1772
238185,3262,1655
238187,3262,1682
238293,3263,1655
238295,3263,1682
238403,3264,1655
238513,3265,1655
238621,3266,1655
238730,3267,1655
238838,3268,1655
238945,3269,1655
239052,3270,1655
239081,3270,422
239158,3271,1655
239262,3272,1655
239368,3273,1655
239473,3274,1655
239576,3275,1655
239676,3276,1655
239778,3277,1655
239880,3278,1655
239982,3279,1655
240083,3280,1655
240185,3281,1655
240286,3282,1655
240384,3283,1655
240480,3284,1655
240576,3285,1655
240673,3286,1655
240770,3287,1650
240866,3288,1650
240961,3289,1650
241051,3290,1521
241145,3291,1521
242381,3305,1617
242471,3306,1617
242560,3307,1617
244681,3329,1568
244782,3330,1568
244883,3331,1568
244984,3332,1568
245086,3333,1568
245188,3334,1568
245289,3335,1568
245310,3335,1889
245390,3336,1568
245492,3337,1568
245594,3338,1568
245696,3339,1568
245799,3340,1568
245902,3341,1568
246005,3342,1568
246108,3343,1568
246211,3344,1568
246315,3345,1568
246419,3346,1568
246434,3346,1782
246524,3347,1568
246629,3348,1568
246681,3348,728
246734,3349,1568
246743,3349,1674
246841,3350,1568
246850,3350,1674
246948,3351,1568
246958,3351,1674
247056,3352,1568
247067,3352,1674
247165,3353,1568
247176,3353,1674
247273,3354,1568
247284,3354,1674
247380,3355,1568
247391,3355,1674
247487,3356,1568
247592,3357,1568
247653,3357,831
247693,3358,1568
247793,3359,1568
247807,3359,1768
247892,3360,1568
247989,3361,1568
248085,3362,1568
248179,3363,1568
248275,3364,1568
248370,3365,1568
248462,3366,1568
248551,3367,1568
248637,3368,1568
248720,3369,1568
248802,3370,1568
248882,3371,1568
248962,3372,1568
249042,3373,1568
249120,3374,1568
249197,3375,1568
249275,3376,1568
249276,3376,1580
249352,3377,1580
249427,3378,1580
249502,3379,1580
249506,3379,1649
249580,3380,1649
249653,3381,1649
249728,3382,1666
249800,3383,1666
249862,3384,1538
249870,3384,1666
249932,3385,1538
250002,3386,1538
250072,3387,1538
250077,3387,1609
250146,3388,1609
250214,3389,1609
250282,3390,1590
250351,3391,1590
253509,3435,1338
253819,3439,1333
253839,3439,1764
254210,3444,1569
254283,3445,1569
254357,3446,1569
254429,3447,1569
254439,3447,1774
254500,3448,1569
254570,3449,1569
254640,3450,1569
254709,3451,1569
254776,3452,1569
254844,3453,1569
254910,3454,1569
254976,3455,1569
255040,3456,1569
255104,3457,1569
255164,3458,1569
255224,3459,1569
255281,3460,1569
255337,3461,1569
255391,3462,1569
255446,3463,1569
255498,3464,1569
255548,3465,1569
255598,3466,1569
255599,3466,1574
255648,3467,1574
255696,3468,1574
255744,3469,1574
258277,3515,1608
258343,3516,1608
258409,3517,1608
258475,3518,1608
258541,3519,1608
258607,3520,1608
258673,3521,1608
258740,3522,1608
258808,3523,1608
258876,3524,1608
258944,3525,1608
258978,3525,781
259013,3526,1608
259081,3527,1608
259141,3528,1334
259149,3528,1608
259217,3529,1608
259285,3530,1608
259353,3531,1608
259423,3532,1608
259493,3533,1608
259563,3534,1608
259633,3535,1608
259703,3536,1608
259774,3537,1608
259842,3538,1608
259910,3539,1608
259977,3540,1608
260043,3541,1608
260110,3542,1608
260175,3543,1608
260240,3544,1608
260305,3545,1608
260371,3546,1608
260432,3547,1608
260493,3548,1608
260552,3549,1608
260609,3550,1608
260666,3551,1608
260721,3552,1608
260775,3553,1608
260829,3554,1608
260883,3555,1608
260937,3556,1583
260938,3556,1608
260991,3557,1583
261046,3558,1583
262036,3575,1665
262098,3576,1665
262158,3577,1665
262215,3578,1575
262277,3579,1575
262337,3580,1575
263256,3595,1611
263323,3596,1611
263391,3597,1611
263459,3598,1611
263528,3599,1611
