,timestep_time,vehicle_id
458,39,1311
484,40,1311
510,41,1311
536,42,1311
537,42,1342
562,43,1311
563,43,1342
588,44,1311
590,44,1342
615,45,1311
617,45,1342
642,46,1311
644,46,1342
671,47,1342
698,48,1342
708,48,485
721,49,1301
735,49,485
748,50,1301
775,51,1301
830,53,1207
859,54,1207
888,55,1207
1080,61,1330
1112,62,1330
1145,63,1330
2326,92,1068
2328,92,1163
2375,93,1068
2377,93,1163
2503,95,365
2611,97,421
3092,105,897
3284,108,977
3417,111,1282
3480,112,1282
3543,113,1282
3606,114,1282
3668,115,1282
3730,116,1282
3792,117,1282
3846,118,1001
3853,118,1282
3913,119,1282
3973,120,1282
4034,121,1282
4096,122,1282
4160,123,1282
4223,124,1282
4286,125,1282
4350,126,1282
4413,127,1282
4476,128,1282
4540,129,1282
4604,130,1282
4666,131,1282
4728,132,1282
4790,133,1282
4852,134,1282
4913,135,1282
4974,136,1282
5036,137,1298
5095,138,1298
5153,139,1298
7120,175,1329
7173,176,1329
7226,177,1329
7279,178,1329
7332,179,1329
7386,180,1329
7439,181,1329
7493,182,1329
7534,182,821
7548,183,1329
7577,183,413
7590,183,821
7604,184,1329
7659,185,1329
7684,185,374
7716,186,1329
7774,187,1329
7833,188,1329
7894,189,1329
7956,190,1329
8018,191,1329
8080,192,1329
8142,193,1329
8205,194,1329
8268,195,1329
8331,196,1329
8394,197,1329
8457,198,1329
8520,199,1329
8584,200,1329
8647,201,1329
8711,202,1329
8775,203,1329
8838,204,1329
8902,205,1329
8965,206,1329
9025,207,1329
9040,207,1767
9085,208,1329
9099,208,1766
9145,209,1329
9205,210,1329
9265,211,1329
9327,212,1329
9389,213,1329
9451,214,1329
9512,215,1329
9571,216,1329
9627,217,1329
9685,218,1329
9743,219,1329
9800,220,1329
9856,221,1329
9912,222,1329
9968,223,1329
10026,224,1329
10085,225,1329
10142,226,1225
10144,226,1329
10198,227,1225
10255,228,1225
10311,229,1225
10505,232,452
10557,233,452
10821,238,509
11990,259,499
12735,272,1136
12776,272,423
12798,273,1136
12839,273,423
12926,275,1256
12990,276,1256
13054,277,1256
13063,277,1473
13118,278,1256
13127,278,1473
13182,279,1256
13246,280,1256
13311,281,1256
13376,282,1256
13441,283,1256
13507,284,1256
13575,285,1256
13635,285,979
13643,286,1256
13711,287,1256
13780,288,1256
13781,288,1313
13849,289,1256
13850,289,1313
13919,290,1256
13920,290,1313
13990,291,1256
13991,291,1313
14010,291,1646
14062,292,1256
14063,292,1313
14082,292,1646
14135,293,1256
14136,293,1313
14208,294,1256
14209,294,1313
14280,295,1256
14352,296,1256
14423,297,1256
14445,297,1757
14494,298,1256
14517,298,1805
14563,299,1256
14586,299,1805
14630,300,1256
14697,301,1256
14766,302,1256
14835,303,1256
14903,304,1256
14971,305,1256
15039,306,1256
15106,307,1256
15171,308,1256
15234,309,1256
15294,310,1256
15354,311,1256
15413,312,1256
15472,313,1256
15531,314,1256
15591,315,1256
15651,316,1256
15711,317,1256
15771,318,1257
15829,319,1257
15887,320,1257
16174,325,1210
16232,326,1210
16325,327,491
16573,332,1220
16628,333,1220
16682,334,1220
17816,354,1293
17876,355,1293
18292,362,1144
18353,363,1144
18370,363,154
18413,364,1075
18475,365,1075
18516,365,405
18537,366,1075
18599,367,1075
18641,367,412
18956,372,321
19202,376,1804
19955,387,824
21076,407,1196
21132,408,1196
21466,414,1300
21522,415,1300
21577,416,1300
21634,417,1314
21690,418,1314
22210,427,1327
22270,428,1327
22330,429,1327
22793,436,456
22857,437,456
23138,442,1228
23204,443,1228
23270,444,1228
23336,445,1228
23403,446,1228
23470,447,1228
23537,448,1228
23605,449,1228
23673,450,1228
23742,451,1228
23808,452,118
23810,452,1228
23846,452,367
23877,453,118
23879,453,1228
23948,454,1228
24018,455,1228
24031,455,1475
24089,456,1228
24102,456,1475
24160,457,1228
24232,458,1228
24304,459,1228
24376,460,1228
24448,461,1228
24520,462,1228
24593,463,1228
24666,464,1228
24739,465,1228
24811,466,1228
24883,467,1228
24900,467,1651
24957,468,1228
24974,468,1651
25031,469,1228
25106,470,1228
25181,471,1228
25256,472,1228
25257,472,1236
25331,473,1228
25332,473,1236
25406,474,1228
25407,474,1236
25473,474,994
25482,475,1228
25483,475,1236
25557,476,1228
25558,476,1236
25630,477,1228
25631,477,1236
25704,478,1228
25705,478,1236
25778,479,1228
25779,479,1236
25842,479,902
25853,480,1228
25854,480,1236
25928,481,1228
25929,481,1236
26004,482,1228
26005,482,1236
26081,483,1228
26159,484,1228
26238,485,1228
26316,486,1228
26391,487,1228
26468,488,1228
26544,489,1228
26622,490,1228
26699,491,1228
26776,492,1228
26854,493,1228
26932,494,1228
27009,495,1228
27086,496,1228
27093,496,1299
27169,497,1299
27243,498,1299
27318,499,1299
27384,500,1176
27458,501,1176
27724,504,506
27795,505,506
27892,507,1184
27965,508,1184
28037,509,1184
28042,509,1288
28114,510,1288
28186,511,1288
28255,512,1235
28258,512,1288
28327,513,1235
29075,523,492
29146,524,492
30330,541,1151
30404,542,1151
30451,542,409
30478,543,1151
30525,543,409
30603,544,420
30670,545,371
30677,545,420
30753,546,420
30989,549,573
31066,550,573
31458,555,700
31514,556,329
31804,560,1647
32412,567,69
32528,569,1754
32532,569,1789
36703,632,1135
36753,632,253
36777,633,1135
36877,634,1762
36921,635,1071
36951,635,1762
37054,636,411
37130,637,411
37236,639,1182
37315,640,1182
37396,641,1182
37477,642,1182
37559,643,1182
37641,644,1182
37723,645,1182
37805,646,1182
37832,646,1798
37886,647,1182
37967,648,1182
38049,649,1182
38131,650,1182
38213,651,1182
38295,652,1182
38377,653,1182
38454,654,1143
38459,654,1182
38542,655,1182
38625,656,1182
38708,657,1182
38733,657,1791
38788,658,1182
38868,659,1182
38947,660,1182
39028,661,1182
39108,662,1182
39187,663,1182
39268,664,1182
39347,665,1182
39426,666,1182
39506,667,1182
39507,667,1252
39585,668,1182
39586,668,1252
39662,669,1182
39663,669,1252
39737,670,1182
39738,670,1252
39813,671,1182
39814,671,1252
39889,672,1182
39890,672,1252
39966,673,1182
39967,673,1252
40043,674,1182
40121,675,1182
40197,676,1182
40722,683,1295
40795,684,1295
42993,713,1221
43075,714,1221
43744,722,1063
43752,722,1170
43840,723,1170
43924,724,112
43969,724,235
44058,725,235
44107,726,1167
44149,726,242
44240,727,242
44429,729,368
44938,735,1189
45032,736,1189
45127,737,1189
45223,738,1189
45320,739,1189
45418,740,1189
45517,741,1189
45616,742,1189
45715,743,1189
45814,744,1189
45913,745,1189
46012,746,1189
46110,747,1189
46131,747,1718
46208,748,1189
46303,749,1189
46396,750,1189
46486,751,1189
46576,752,1189
46666,753,1189
46755,754,1189
46843,755,1189
46929,756,1189
47011,757,1189
47095,758,1189
47176,759,1189
47255,760,1189
47334,761,1189
47411,762,1189
47487,763,1189
47560,764,1189
47632,765,1189
47706,766,1189
47780,767,1216
47854,768,1216
47928,769,1216
48486,777,1265
48551,778,1265
48616,779,1265
48814,782,1276
48880,783,1276
48946,784,1259
49014,785,1259
49085,786,1259
50375,803,1240
50454,804,1240
50533,805,1240
50537,805,1294
50613,806,1240
50617,806,1294
50693,807,1240
50697,807,1294
50772,808,1240
50776,808,1294
50851,809,1240
50855,809,1294
50934,810,1294
51015,811,1294
51096,812,1294
51178,813,1294
51262,814,1294
51272,814,1479
51347,815,1294
51357,815,1479
51432,816,1294
51519,817,1294
51607,818,1294
51696,819,1294
51786,820,1294
51876,821,1294
51966,822,1294
52056,823,1294
52141,824,1239
52146,824,1294
52230,825,1239
52235,825,1294
52306,825,903
52319,826,1239
52324,826,1294
52400,827,1000
52408,827,1239
52413,827,1294
52497,828,1239
52502,828,1294
52503,828,1309
52586,829,1239
52591,829,1294
52592,829,1309
52676,830,1239
52681,830,1294
52682,830,1309
52766,831,1239
52771,831,1294
52772,831,1309
52862,832,1294
52863,832,1309
52954,833,1294
52955,833,1309
53047,834,1294
53048,834,1309
53141,835,1294
53142,835,1309
53236,836,1294
53237,836,1309
53315,837,1064
53328,837,1294
53329,837,1309
53392,837,71
53419,838,1294
53420,838,1309
53511,839,1294
53512,839,1309
53581,839,84
53602,840,1294
53603,840,1309
53694,841,1294
53695,841,1309
53786,842,1294
53878,843,1294
53909,843,1881
53970,844,1294
54001,844,1881
54062,845,1294
54155,846,1294
54246,847,1294
54336,848,1294
54426,849,1294
54517,850,1294
54607,851,1294
54696,852,1294
54784,853,1294
54871,854,1294
54958,855,1294
55036,856,1177
55044,856,1294
55122,857,1177
55129,857,1294
55206,858,1177
55213,858,1294
55289,859,1177
55373,860,1177
55457,861,1177
58141,895,1192
58222,896,1192
58303,897,1192
58385,898,1192
58468,899,1192
58551,900,1192
58634,901,1192
58719,902,1192
58746,902,1714
58792,902,830
58805,903,1192
58832,903,1714
58879,903,830
58892,904,1192
58917,904,165
58980,905,1192
59005,905,165
59052,905,771
59068,906,1192
59093,906,165
59119,906,370
59157,907,1192
59208,907,370
59247,908,1192
59338,909,1192
59403,909,572
59429,910,1192
59494,910,572
59520,911,1192
59611,912,1192
59702,913,1192
59793,914,1192
59884,915,1192
59974,916,1192
60064,917,1192
60109,917,25
60154,918,1192
60245,919,1192
60335,920,1192
60425,921,1192
60515,922,1192
60605,923,1192
60697,924,1192
60789,925,1192
60881,926,1192
60973,927,1192
61006,927,1790
61064,928,1192
61154,929,1192
61242,930,1192
61330,931,1192
61370,931,197
61419,932,1192
61509,933,1192
61597,934,1192
61684,935,1192
61771,936,1192
61853,937,1192
61935,938,1192
62015,939,1192
62093,940,1192
62168,941,1192
62242,942,1192
62316,943,1192
62389,944,1192
62462,945,1192
62535,946,1192
62536,946,1197
62611,947,1197
62685,948,1197
62733,948,455
62759,949,1197
62760,949,1219
62832,950,1219
62877,950,497
62902,951,1219
63871,965,498
65698,992,239
65766,993,239
65768,993,254
65855,994,823
65922,995,823
65951,996,159
66003,997,1164
66019,997,159
66108,998,407
66177,999,407
66495,1004,1270
66566,1005,1270
66623,1005,906
66636,1006,1270
66705,1007,1270
66774,1008,1270
66844,1009,1270
66906,1009,999
66914,1010,1270
66986,1011,1270
67008,1011,1878
67059,1012,1270
67081,1012,1878
67132,1013,1270
67206,1014,1270
67280,1015,1270
67352,1016,1270
67421,1017,1270
67439,1017,1786
67488,1018,1270
67556,1019,1270
67624,1020,1270
67692,1021,1270
67761,1022,1270
67828,1023,1270
67895,1024,1270
67961,1025,1270
68027,1026,1270
68088,1027,1270
68148,1028,1270
68207,1029,1270
68262,1030,1270
68316,1031,1270
68369,1032,1270
68423,1033,1270
68477,1034,1270
68530,1035,1270
68582,1036,1270
68583,1036,1307
68634,1037,1270
68635,1037,1307
70733,1082,244
70785,1083,244
70806,1083,901
71466,1095,1721
71472,1095,1803
71618,1097,659
71680,1098,659
72145,1106,1271
72209,1107,1271
72226,1107,1756
72272,1108,1271
72288,1108,1719
72338,1109,1271
72403,1110,1271
72431,1110,195
72469,1111,1271
72535,1112,1271
72600,1113,1271
72665,1114,1271
72731,1115,1271
72797,1116,1271
72858,1117,1271
72859,1117,1340
72919,1118,1271
72920,1118,1340
72979,1119,1271
72980,1119,1340
73040,1120,1271
73041,1120,1340
73100,1121,1271
73101,1121,1340
73161,1122,1271
73162,1122,1340
73223,1123,1271
73285,1124,1271
73347,1125,1271
73409,1126,1271
73901,1134,1217
73965,1135,1217
75456,1157,1179
75530,1158,1179
76464,1170,1312
76546,1171,1312
76629,1172,1312
76674,1172,414
76713,1173,1312
76759,1173,414
76798,1174,1312
76882,1175,1312
76966,1176,1312
77052,1177,1312
77660,1184,1230
77746,1185,1230
77831,1186,1230
77916,1187,1230
77978,1187,66
78001,1188,1230
78087,1189,1230
78165,1189,974
78174,1190,1230
78223,1190,336
78261,1191,1230
78349,1192,1230
78427,1192,971
78438,1193,1230
78527,1194,1230
78575,1194,326
78617,1195,1230
78708,1196,1230
78800,1197,1230
78830,1197,1763
78890,1198,1230
78981,1199,1230
79072,1200,1230
79164,1201,1230
79257,1202,1230
79350,1203,1230
79441,1204,1230
79507,1204,657
79533,1205,1230
79599,1205,657
79623,1206,1230
79712,1207,1230
79798,1208,1230
79881,1209,1230
79963,1210,1230
80045,1211,1230
80126,1212,1230
80208,1213,1230
80290,1214,1230
80371,1215,1230
80449,1216,1230
83246,1253,1212
83329,1254,1212
83580,1257,1253
83664,1258,1253
83748,1259,1253
83832,1260,1253
83917,1261,1253
84003,1262,1253
84019,1262,158
84067,1262,749
84089,1263,1253
84106,1263,158
84176,1264,1253
84263,1265,1253
84340,1266,1069
84350,1266,1253
84427,1267,1069
84438,1267,1253
84528,1268,1253
84618,1269,1253
84629,1269,1477
84708,1270,1253
84719,1270,1477
84798,1271,1253
84888,1272,1253
84974,1273,1149
84978,1273,1253
85069,1274,1253
85161,1275,1253
85186,1275,1720
85254,1276,1253
85324,1276,752
85348,1277,1253
85392,1277,31
85443,1278,1253
85539,1279,1253
85569,1279,1787
85608,1279,721
85635,1280,1253
85731,1281,1253
85827,1282,1253
85924,1283,1253
86013,1284,1077
86022,1284,1244
86023,1284,1253
86121,1285,1244
86122,1285,1253
86165,1285,200
86220,1286,1244
86221,1286,1253
86319,1287,1244
86320,1287,1253
86418,1288,1244
86419,1288,1253
86518,1289,1244
86519,1289,1253
86617,1290,1253
86716,1291,1253
86815,1292,1253
86914,1293,1253
87014,1294,1253
87113,1295,1253
87212,1296,1253
87312,1297,1253
87411,1298,1253
87511,1299,1253
87610,1300,1253
87707,1301,1253
87802,1302,1253
87900,1303,1253
87999,1304,1253
88098,1305,1253
88194,1306,1253
90913,1337,1341
91003,1338,1341
91094,1339,1341
91185,1340,1341
91276,1341,1341
91367,1342,1341
91458,1343,1341
91549,1344,1341
92178,1351,1183
92268,1352,1165
92270,1352,1183
92345,1352,899
92361,1353,1165
92363,1353,1183
92438,1353,899
92456,1354,1183
92458,1354,1250
92540,1355,1074
92549,1355,1183
92551,1355,1250
92639,1356,1142
92642,1356,1183
92644,1356,1250
92732,1357,113
92733,1357,1142
92736,1357,1183
92739,1357,1250
92831,1358,1183
92834,1358,1250
92928,1359,1183
92931,1359,1250
92941,1359,1474
93027,1360,1183
93030,1360,1250
93041,1360,1474
93127,1361,1183
93141,1361,1474
93227,1362,1183
93328,1363,1183
93429,1364,1183
93531,1365,1183
93633,1366,1183
93735,1367,1183
93837,1368,1183
93939,1369,1183
94041,1370,1183
94143,1371,1183
94246,1372,1183
94349,1373,1183
94452,1374,1183
94556,1375,1183
94660,1376,1183
94764,1377,1183
94853,1377,975
94864,1378,1183
94964,1379,1183
95061,1380,1183
95109,1380,251
95156,1381,1183
95250,1382,1183
95344,1383,1183
95436,1384,1183
95526,1385,1183
95612,1386,1183
95696,1387,1183
95781,1388,1183
95860,1389,1183
95938,1390,1183
96015,1391,1183
96089,1392,1183
96165,1393,1183
96242,1394,1183
96320,1395,1183
96397,1396,1183
96399,1396,1202
96475,1397,1183
96477,1397,1202
96551,1398,1183
96553,1398,1202
96594,1398,458
96627,1399,1183
96629,1399,1202
96702,1400,1183
96704,1400,1202
96749,1400,487
96779,1401,1202
96784,1401,1290
96851,1402,1202
96856,1402,1290
96923,1403,1202
96928,1403,1290
97000,1404,1290
97068,1405,1290
97138,1406,1290
97210,1407,1297
97281,1408,1297
97351,1409,1297
99714,1442,1793
99754,1442,909
99790,1443,1793
99830,1443,909
99865,1444,1777
99914,1445,117
99941,1445,1777
100005,1446,151
100082,1447,151
100744,1455,1794
100930,1457,337
100961,1458,1002
101401,1463,1304
101487,1464,1304
101572,1465,1304
101657,1466,1304
101696,1466,33
101741,1467,1304
101823,1468,1304
101905,1469,1304
101987,1470,1304
102048,1470,82
102069,1471,1304
102124,1471,656
102151,1472,1304
102207,1472,656
103577,1491,1205
103642,1492,1205
103704,1493,1205
103828,1495,1315
103888,1496,1315
105399,1519,1283
105470,1520,1283
105541,1521,1226
105615,1522,1226
105689,1523,1226
105764,1524,1226
105839,1525,1226
105913,1526,1226
105987,1527,1226
106060,1528,1226
106133,1529,1226
106206,1530,1226
106280,1531,1226
106348,1532,1134
106354,1532,1226
106371,1532,166
106427,1533,1226
106445,1533,166
106501,1534,1226
106519,1534,166
106546,1534,406
106576,1535,1226
106623,1535,406
106653,1536,1226
106700,1536,406
106730,1537,1226
106778,1537,406
106808,1538,1226
106886,1539,1226
106965,1540,1226
107044,1541,1226
107123,1542,1226
107202,1543,1226
107282,1544,1226
107362,1545,1226
107428,1545,893
107441,1546,1226
107518,1547,1226
107574,1547,72
107595,1548,1226
107672,1549,1226
107749,1550,1226
107827,1551,1226
107906,1552,1226
107985,1553,1226
108065,1554,1226
108147,1555,1226
108229,1556,1226
108312,1557,1226
108394,1558,1226
108456,1558,822
108473,1559,1226
108552,1560,1226
108577,1560,1755
108631,1561,1226
108712,1562,1226
108751,1562,1882
108791,1563,1226
108831,1563,1882
108870,1564,1226
108949,1565,1226
109027,1566,1226
109104,1567,1226
109182,1568,1226
109257,1569,1226
109331,1570,1226
109404,1571,1226
109476,1572,1226
109546,1573,1226
109615,1574,1226
109684,1575,1226
109751,1576,1185
109753,1576,1226
109820,1577,1185
109888,1578,1185
109936,1578,486
109957,1579,1185
109962,1579,1296
110028,1580,1296
110094,1581,1296
110156,1582,1260
110219,1583,1260
110280,1584,1227
110343,1585,1227
111780,1609,1214
111841,1610,1214
112583,1622,119
112639,1622,775
112703,1623,775
112772,1625,115
113302,1633,1272
113363,1634,1137
113370,1634,1272
113438,1635,1272
113508,1636,1272
113578,1637,1272
113624,1637,322
113648,1638,1272
113718,1639,1272
113788,1640,1272
113859,1641,1272
113933,1642,1272
114008,1643,1272
114083,1644,1272
114157,1645,1272
114232,1646,1272
114308,1647,1272
114336,1647,1806
114382,1648,1272
114455,1649,1272
114527,1650,1272
114600,1651,1272
114673,1652,1272
114747,1653,1272
114822,1654,1272
114895,1655,1272
114968,1656,1272
115041,1657,1272
115111,1658,1272
115181,1659,1272
115252,1660,1272
115321,1661,1272
115390,1662,1272
115459,1663,1272
115527,1664,1272
115595,1665,1272
115659,1666,1188
115662,1666,1272
115726,1667,1188
115789,1668,1188
115852,1669,1188
117919,1701,490
118656,1712,241
118725,1713,241
119522,1725,152
119607,1726,1797
119887,1730,153
120012,1731,967
120494,1738,1792
120583,1739,240
120633,1740,1716
120655,1740,240
120683,1741,1328
120755,1742,1328
120826,1743,1328
120897,1744,1328
120969,1745,1328
121040,1746,1328
121110,1747,1328
121179,1748,1328
121248,1749,1328
121315,1750,1328
121381,1751,1328
121447,1752,1328
121515,1753,1328
121584,1754,1328
121654,1755,1328
121724,1756,1328
121907,1758,494
123688,1786,1319
123753,1787,1319
123818,1788,1319
123883,1789,1319
123950,1790,1319
124017,1791,1319
124084,1792,1319
124152,1793,1319
124799,1802,236
124866,1803,196
124868,1803,236
124893,1804,1152
124961,1805,114
124962,1805,1152
125062,1806,1761
125133,1807,1761
125156,1807,424
125318,1810,1247
125390,1811,1247
125464,1812,1247
125539,1813,1247
125615,1814,1247
125691,1815,1247
125767,1816,1247
125832,1816,730
125843,1817,1247
125919,1818,1247
125995,1819,1247
126043,1819,285
126071,1820,1247
127113,1833,1317
127197,1834,1317
127279,1835,1317
127361,1836,1317
127441,1837,1317
127520,1838,1317
127597,1839,1317
127669,1840,1262
127670,1840,1317
127740,1841,1262
127811,1842,1262
127882,1843,1262
127953,1844,1262
128024,1845,1262
128093,1846,1262
128156,1847,1191
128221,1848,1191
128284,1849,1191
129444,1867,1206
129513,1868,1206
129583,1869,1206
130016,1875,1233
130090,1876,1233
130165,1877,1233
130240,1878,1233
130317,1879,1233
130395,1880,1233
130475,1881,1233
130555,1882,1233
130635,1883,1233
130716,1884,1233
131427,1893,1255
131507,1894,1255
131587,1895,1255
131667,1896,1255
131745,1897,1234
131747,1897,1255
131825,1898,1234
131827,1898,1255
131907,1899,1234
131909,1899,1255
131989,1900,1234
131991,1900,1255
132071,1901,1234
132073,1901,1255
132153,1902,1234
132155,1902,1255
132236,1903,1234
132238,1903,1255
132323,1904,1255
132408,1905,1255
132492,1906,1255
132553,1906,701
132577,1907,1255
132663,1908,1255
132750,1909,1255
132837,1910,1255
132924,1911,1255
133012,1912,1255
133100,1913,1255
133188,1914,1255
133275,1915,1255
133356,1916,1172
133362,1916,1255
133449,1917,1255
133479,1917,1771
133534,1918,1255
133618,1919,1255
133700,1920,1255
133782,1921,1255
133865,1922,1255
133949,1923,1255
134033,1924,1255
134116,1925,1255
134197,1926,1255
134276,1927,1255
134357,1928,1255
134437,1929,1255
134516,1930,1255
134595,1931,1255
134672,1932,1255
134746,1933,1255
134819,1934,1255
134892,1935,1255
134965,1936,1255
135038,1937,1238
135039,1937,1255
135111,1938,1238
135252,1940,1201
135322,1941,1201
135391,1942,1201
135599,1945,1231
135668,1946,1231
135736,1947,1204
135806,1948,1204
135874,1949,1204
135920,1949,508
135988,1950,508
137275,1970,1209
137342,1971,1209
138105,1982,167
138122,1982,202
138175,1983,167
138192,1983,202
138249,1984,168
138256,1984,1809
138324,1985,168
138331,1985,1809
139157,1995,724
139160,1995,773
139291,1997,30
139487,1999,998
139986,2006,1279
140069,2007,1279
140149,2008,1279
140208,2008,772
140227,2009,1279
140303,2010,1279
140321,2010,1769
140379,2011,1279
140456,2012,1279
140533,2013,1279
140610,2014,1279
140687,2015,1279
140763,2016,1279
140836,2017,1279
140909,2018,1279
140977,2019,1279
141045,2020,1279
141113,2021,1279
141181,2022,1279
141247,2023,1279
141313,2024,1279
141379,2025,1279
141446,2026,1279
142257,2038,1190
142326,2039,1190
142395,2040,1190
142934,2048,1222
143002,2049,1222
143070,2050,1222
144549,2071,1246
144623,2072,1246
144648,2072,1811
144684,2072,780
144697,2073,1246
144722,2073,1811
144760,2073,780
144773,2074,1246
144795,2074,1759
144846,2075,1141
144850,2075,1246
144873,2075,1759
144929,2076,1246
145007,2077,1246
145085,2078,1246
145560,2084,1174
145641,2085,1174
145713,2085,894
145722,2086,1174
145802,2087,1174
145843,2087,338
145882,2088,1174
145963,2089,1174
146043,2090,1174
146125,2091,1174
146208,2092,1174
146293,2093,1174
146377,2094,1174
146459,2095,1174
146541,2096,1174
146621,2097,1174
146656,2097,243
146696,2098,1174
146769,2099,1174
146844,2100,1174
146920,2101,1174
146996,2102,1174
147072,2103,1174
147148,2104,1174
147224,2105,1174
147300,2106,1174
147374,2107,1174
147448,2108,1174
147521,2109,1174
147591,2110,1174
147661,2111,1174
147731,2112,1174
147801,2113,1174
147872,2114,1174
147943,2115,1174
148013,2116,1174
149664,2142,1264
149732,2143,1264
149799,2144,1223
149800,2144,1264
149867,2145,1223
149869,2145,1337
149936,2146,1223
149938,2146,1337
150006,2147,1223
150008,2147,1337
150077,2148,1223
150079,2148,1337
150148,2149,1223
150151,2149,1337
150220,2150,1223
150223,2150,1337
150295,2151,1223
150298,2151,1337
150370,2152,1223
150445,2153,1223
150520,2154,1223
150595,2155,1223
150671,2156,1223
150747,2157,1223
150823,2158,1223
150902,2159,1223
150981,2160,1223
151063,2161,1223
151145,2162,1223
151214,2162,774
151229,2163,1223
151299,2163,774
151314,2164,1223
151399,2165,1223
151483,2166,1223
151568,2167,1223
151653,2168,1223
151738,2169,1223
151823,2170,1223
151909,2171,1223
151995,2172,1223
152082,2173,1223
152169,2174,1223
152256,2175,1223
152325,2175,720
152342,2176,1223
152418,2176,912
152428,2177,1223
152514,2178,1223
152593,2178,993
152600,2179,1223
152647,2179,286
152686,2180,1223
152773,2181,1223
152860,2182,1223
152947,2183,1223
153035,2184,1223
153123,2185,1223
153212,2186,1223
153301,2187,1223
153333,2187,1784
153389,2188,1223
153477,2189,1223
153564,2190,1223
153607,2190,238
153651,2191,1223
153738,2192,1223
153777,2192,1879
153824,2193,1223
153863,2193,1879
153908,2194,1223
153993,2195,1223
154077,2196,1223
154160,2197,1223
154242,2198,1223
154323,2199,1223
154405,2200,1223
154487,2201,1223
154568,2202,1223
154647,2203,1223
154727,2204,1223
154807,2205,1223
154885,2206,1223
154963,2207,1194
154964,2207,1223
155038,2208,1194
155112,2209,1194
155184,2210,1178
155230,2210,507
155256,2211,1178
155303,2211,507
155329,2212,1178
155334,2212,1284
155405,2213,1284
155477,2214,1284
155546,2215,1258
155619,2216,1258
155622,2216,1305
155696,2217,1305
158427,2252,1795
158460,2252,965
158546,2253,965
158553,2254,1169
158640,2255,1169
158881,2257,574
158970,2258,574
159194,2261,1478
159285,2262,1478
159793,2267,67
159802,2267,996
160121,2271,1648
160178,2272,1218
160213,2272,1648
160270,2273,1218
160304,2273,1645
160362,2274,1218
160396,2274,1645
160455,2275,1218
160550,2276,1218
160644,2277,1218
160736,2278,1218
160780,2278,1778
160828,2279,1218
160921,2280,1218
161014,2281,1218
161067,2281,237
161106,2282,1218
161159,2282,237
161198,2283,1218
161290,2284,1218
161355,2284,571
161381,2285,1218
161445,2285,571
161471,2286,1218
161533,2286,571
161559,2287,1218
161646,2288,1218
161732,2289,1218
161817,2290,1218
161900,2291,1218
161981,2292,1218
162062,2293,1218
162141,2294,1218
162219,2295,1218
162297,2296,1218
162301,2296,1285
162376,2297,1218
162380,2297,1285
162452,2298,1218
162457,2298,1285
162507,2298,489
162535,2299,1285
162584,2299,489
162611,2300,1285
162684,2301,1224
162687,2301,1285
162758,2302,1224
162761,2302,1285
162832,2303,1224
162908,2304,1224
163736,2315,1273
163812,2316,1273
163888,2317,1273
164942,2331,1326
165019,2332,1326
165841,2342,751
165845,2342,832
165923,2343,832
166246,2348,1148
166490,2351,1316
166571,2352,1316
166652,2353,1316
166733,2354,1316
166814,2355,1316
166895,2356,1316
166977,2357,1316
167060,2358,1316
167143,2359,1316
167194,2359,284
167227,2360,1316
167313,2361,1316
167375,2361,658
167462,2362,658
167996,2368,770
168829,2378,1306
168918,2379,1306
169003,2380,1306
169088,2381,1306
169171,2382,1306
169173,2382,1322
169254,2383,1306
169256,2383,1322
169337,2384,1306
169339,2384,1322
169420,2385,1306
169422,2385,1322
169423,2385,1323
169501,2386,1322
169502,2386,1323
169580,2387,1322
169655,2388,1215
169711,2388,457
169734,2389,1215
169817,2390,1325
169892,2391,1325
169961,2392,1203
169968,2392,1325
170035,2393,1203
170108,2394,1203
171386,2411,1318
171459,2412,1318
173055,2432,111
173132,2432,908
173140,2433,111
173218,2433,908
173227,2434,1133
173265,2434,1808
173314,2435,1133
173352,2435,1808
173440,2436,1808
174295,2445,34
174390,2446,320
176547,2469,1242
176634,2470,1242
176719,2471,1242
176805,2472,1242
176892,2473,1242
176978,2474,1242
177065,2475,1242
177153,2476,1242
177157,2476,1336
177239,2477,1242
177243,2477,1336
177330,2478,1336
177417,2479,1336
177550,2480,505
177639,2481,505
178591,2493,1181
178673,2494,1181
181020,2522,250
181023,2522,27
181106,2523,250
181109,2523,27
181175,2524,1760
181264,2525,1760
181415,2527,1140
181547,2528,198
181592,2529,1139
181737,2530,369
181774,2531,1146
181858,2532,1078
181864,2532,1146
181950,2533,1081
182367,2537,281
182480,2538,910
182584,2540,1067
183168,2546,1310
183263,2547,1310
183357,2548,1310
183448,2549,1310
183537,2550,1310
183626,2551,1310
183716,2552,1310
183806,2553,1310
183895,2554,1310
183978,2555,1173
184064,2556,1173
184146,2557,1173
184226,2558,1173
184305,2559,1173
184382,2560,1173
184457,2561,1173
184531,2562,1173
184603,2563,1173
184678,2564,1173
184753,2565,1173
184825,2566,1173
184827,2566,1291
184896,2567,1173
184898,2567,1291
184902,2567,1339
184965,2568,1173
184967,2568,1291
184971,2568,1339
185011,2568,488
185037,2569,1291
185081,2569,488
185107,2570,1291
185176,2571,1291
185879,2581,454
185943,2582,454
187226,2601,451
187986,2612,150
187995,2612,169
188061,2613,150
188070,2613,169
188579,2620,1079
189069,2625,73
189228,2627,282
189249,2627,723
189353,2628,980
190517,2641,1788
190707,2643,1880
190797,2644,1880
195206,2702,155
195221,2702,1812
195286,2703,155
195301,2703,1812
195460,2705,1770
195525,2706,1476
195607,2707,1476
195689,2708,1476
196336,2715,81
196770,2720,982
196857,2721,997
198774,2746,1243
198841,2747,1243
199231,2753,1248
199293,2754,1248
199753,2761,496
200884,2779,1180
200952,2780,1180
201024,2781,1277
201093,2782,1277
201705,2791,1073
201772,2792,1073
201829,2792,896
201839,2793,1073
201896,2793,896
202755,2805,703
202884,2807,327
202905,2807,70
202995,2808,976
203154,2810,995
203388,2813,905
203488,2815,1308
203568,2816,1308
203648,2817,1308
203649,2817,1331
203701,2817,804
203727,2818,1308
203728,2818,1331
203741,2818,1753
203806,2819,1308
203807,2819,1331
203885,2820,1308
203886,2820,1331
203964,2821,1308
203965,2821,1331
204044,2822,1331
204052,2822,1652
204124,2823,1331
204131,2823,1652
204201,2824,1331
204208,2824,1652
204277,2825,1331
204353,2826,1331
204426,2827,1331
204496,2828,1331
204565,2829,1331
204633,2830,1331
204702,2831,1331
204769,2832,1331
204836,2833,1331
204902,2834,1331
204968,2835,1331
205031,2836,1274
205034,2836,1331
205095,2837,1274
205098,2837,1331
205159,2838,1274
205222,2839,1274
205283,2840,1193
205284,2840,1274
205344,2841,1193
205404,2842,1193
206552,2862,1332
206606,2863,1332
207747,2882,373
207810,2883,373
207811,2883,410
208565,2895,1187
208633,2896,1187
208702,2897,1187
208772,2898,1187
208820,2898,719
208826,2898,801
208843,2899,1187
208902,2899,968
208914,2900,1187
208987,2901,1187
209060,2902,1187
209133,2903,1187
209206,2904,1187
209279,2905,1187
209353,2906,1187
209428,2907,1187
209448,2907,1773
209457,2907,201
209500,2908,1187
209572,2909,1187
209645,2910,1187
209719,2911,1187
209793,2912,1187
209867,2913,1187
209937,2914,1187
210007,2915,1187
210077,2916,1187
210145,2917,1187
210213,2918,1187
210279,2919,1187
210342,2920,1187
210405,2921,1187
210468,2922,1187
210532,2923,1187
210597,2924,1187
210662,2925,1187
210726,2926,1187
210731,2926,1281
210795,2927,1281
210859,2928,1281
210921,2929,1281
211592,2940,1254
211650,2941,1245
211651,2941,1254
211709,2942,1245
211710,2942,1254
213128,2965,1241
213195,2966,1241
213262,2967,1241
213330,2968,1241
213398,2969,1241
213467,2970,1241
213537,2971,1241
213605,2972,1171
213646,2972,366
213675,2973,1171
213716,2973,366
213744,2974,1166
213814,2975,1166
213953,2977,1145
214679,2986,970
214812,2988,288
215106,2992,1644
215187,2993,1644
215520,2997,1775
215751,3000,1643
215831,3001,1643
217352,3021,1208
217423,3022,1208
218058,3031,1237
218126,3032,1237
218395,3036,1335
218457,3037,1213
218461,3037,1335
218522,3038,1213
218589,3039,1213
220001,3057,1303
220082,3058,1303
220164,3059,1303
220247,3060,1303
220331,3061,1303
220415,3062,1303
220429,3062,157
220469,3062,754
220514,3063,157
220555,3063,754
221662,3075,826
221669,3075,963
221767,3076,963
221848,3077,68
221862,3077,911
221883,3078,1278
221980,3079,1278
222079,3080,1278
222178,3081,1278
222277,3082,1278
222377,3083,1278
222476,3084,1278
222575,3085,1278
222674,3086,1278
222772,3087,1278
222806,3087,1785
222866,3088,1278
222945,3088,969
222959,3089,1278
223051,3090,1278
223144,3091,1278
223238,3092,1278
223333,3093,1278
223428,3094,1278
223520,3095,1278
223613,3096,1278
223705,3097,1278
223797,3098,1278
223889,3099,1278
223979,3100,1278
224068,3101,1278
224158,3102,1278
224248,3103,1278
224337,3104,1278
224426,3105,1278
224513,3106,1278
224514,3106,1289
224601,3107,1289
224686,3108,1289
224769,3109,1289
224850,3110,1261
224934,3111,1261
225018,3112,1261
225512,3118,1198
225594,3119,1198
227369,3141,1251
227453,3142,1251
227538,3143,1251
227623,3144,1251
227705,3145,1195
227709,3145,1251
227791,3146,1195
227795,3146,1251
227878,3147,1195
227882,3147,1251
227965,3148,1195
227969,3148,1251
228052,3149,1195
228141,3150,1195
228230,3151,1195
228318,3152,1150
228319,3152,1195
228322,3152,1249
228368,3152,252
228408,3153,1150
228409,3153,1195
228412,3153,1249
228458,3153,252
228499,3154,1195
228502,3154,1249
228588,3155,1195
228591,3155,1249
228678,3156,1195
228681,3156,1249
228768,3157,1195
228771,3157,1249
228858,3158,1195
228861,3158,1249
228948,3159,1195
229039,3160,1195
229130,3161,1195
229221,3162,1195
229314,3163,1195
229409,3164,1195
229505,3165,1195
229558,3165,29
229601,3166,1195
229609,3166,1320
229697,3167,1195
229705,3167,1320
229793,3168,1195
229801,3168,1320
229849,3168,323
229890,3169,1195
229898,3169,1320
229987,3170,1195
229995,3170,1320
230084,3171,1195
230092,3171,1320
230170,3171,964
230182,3172,1195
230190,3172,1320
230263,3172,83
230280,3173,1195
230288,3173,1320
230378,3174,1195
230386,3174,1320
230476,3175,1195
230575,3176,1195
230674,3177,1195
230711,3177,1779
230714,3177,1807
230772,3178,1195
230869,3179,1195
230904,3179,1772
230964,3180,1195
231060,3181,1195
231157,3182,1195
231255,3183,1195
231352,3184,1195
231449,3185,1195
231545,3186,1195
231640,3187,1195
231733,3188,1195
231825,3189,1195
231916,3190,1195
232007,3191,1195
232096,3192,1195
232184,3193,1195
232271,3194,1195
232357,3195,1195
232442,3196,1195
232616,3198,1269
232699,3199,1269
234033,3216,493
234105,3217,493
234356,3221,1266
234429,3222,1266
234504,3223,1266
234583,3224,1286
234660,3225,1286
234740,3226,1286
236207,3242,204
236234,3242,805
236302,3243,204
236329,3243,805
236401,3244,422
236657,3247,1480
236755,3248,1480
236840,3249,1280
236939,3250,1280
237038,3251,1280
237137,3252,1280
237236,3253,1280
237336,3254,1280
237436,3255,1280
237537,3256,1280
237638,3257,1280
237706,3257,722
237740,3258,1280
237843,3259,1280
237929,3259,978
237947,3260,1280
237986,3260,1782
238052,3261,1280
238140,3261,966
238159,3262,1280
238236,3262,74
238267,3263,1280
238368,3264,1138
238377,3264,1280
238487,3265,1280
238596,3266,1280
238705,3267,1280
238779,3267,728
238813,3268,1280
238919,3269,1280
239026,3270,1280
239132,3271,1280
239199,3271,655
239236,3272,1280
239304,3272,655
239342,3273,1280
239447,3274,1280
239551,3275,1280
239654,3276,1280
239756,3277,1280
239858,3278,1280
239960,3279,1280
240062,3280,1280
240164,3281,1280
240265,3282,1280
240363,3283,1280
240459,3284,1280
240555,3285,1280
240648,3286,1263
240652,3286,1280
240745,3287,1263
240842,3288,1263
240937,3289,1263
241033,3290,1267
241127,3291,1267
241217,3292,1267
241303,3293,1199
241392,3294,1199
241481,3295,1199
242275,3304,1302
242364,3305,1302
243723,3319,453
244557,3328,1232
244658,3329,1232
244759,3330,1232
244860,3331,1232
244953,3332,1072
244960,3332,1232
245045,3332,831
245055,3333,1072
245062,3333,1232
245147,3333,831
245164,3334,1232
245201,3334,1768
245265,3335,1232
245302,3335,1768
245352,3335,907
245366,3336,1232
245424,3336,408
245467,3337,1232
245526,3337,408
245547,3337,750
245569,3338,1232
245671,3339,1232
245737,3339,570
245774,3340,1232
245840,3340,570
245877,3341,1232
245895,3341,1481
245980,3342,1232
245998,3342,1481
246083,3343,1232
246091,3343,1338
246186,3344,1232
246194,3344,1338
246290,3345,1232
246298,3345,1338
246326,3345,1758
246394,3346,1232
246402,3346,1338
246499,3347,1232
246507,3347,1338
246554,3347,324
246604,3348,1232
246612,3348,1338
246709,3349,1232
246717,3349,1338
246740,3349,1650
246816,3350,1232
246823,3350,1333
246824,3350,1338
246847,3350,1650
246923,3351,1232
246930,3351,1333
247031,3352,1232
247038,3352,1333
247140,3353,1232
247147,3353,1333
247249,3354,1232
247256,3354,1333
247356,3355,1232
247363,3355,1333
247463,3356,1232
247470,3356,1333
247569,3357,1232
247576,3357,1333
247652,3357,825
247670,3358,1232
247677,3358,1333
247770,3359,1232
247777,3359,1333
247869,3360,1232
247876,3360,1333
247905,3360,1764
247967,3361,1232
247973,3361,1333
248063,3362,1232
248069,3362,1333
248158,3363,1232
248254,3364,1232
248349,3365,1232
248444,3366,1232
248534,3367,1232
248620,3368,1232
248703,3369,1232
248784,3370,1232
248865,3371,1232
248944,3372,1232
249024,3373,1232
249103,3374,1232
249180,3375,1232
249258,3376,1232
249336,3377,1232
249411,3378,1232
249486,3379,1232
249561,3380,1232
249634,3381,1232
249708,3382,1232
249780,3383,1232
249850,3384,1232
249920,3385,1232
249990,3386,1232
250060,3387,1232
250129,3388,1232
250197,3389,1232
250266,3390,1232
250335,3391,1232
250404,3392,1232
250473,3393,1232
250543,3394,1232
250611,3395,1232
250682,3396,1232
250753,3397,1232
250824,3398,1232
250896,3399,1232
250968,3400,1232
251041,3401,1232
251113,3402,1232
251185,3403,1232
251258,3404,1232
251331,3405,1232
251404,3406,1232
251477,3407,1232
251550,3408,1232
251623,3409,1232
251696,3410,1232
251769,3411,1232
251841,3412,1232
251914,3413,1232
251987,3414,1232
252059,3415,1232
252130,3416,1232
252200,3417,1232
252270,3418,1232
252341,3419,1232
252411,3420,1232
252481,3421,1232
252546,3422,1066
252551,3422,1232
252573,3422,1774
252616,3423,1066
252621,3423,1232
252643,3423,1774
252691,3424,1232
252761,3425,1232
252770,3425,1482
252831,3426,1232
252840,3426,1482
252903,3427,1232
252977,3428,1232
253051,3429,1232
253125,3430,1232
253200,3431,1232
253275,3432,1232
253351,3433,1232
253428,3434,1232
253505,3435,1232
253583,3436,1232
253661,3437,1232
253732,3437,972
253739,3438,1232
253816,3439,1232
253893,3440,1232
253970,3441,1232
254036,3441,898
254047,3442,1232
254123,3443,1232
254140,3443,1649
254198,3444,1232
254214,3444,1649
254272,3445,1232
254346,3446,1232
254419,3447,1232
254474,3447,781
254490,3448,1232
254560,3449,1232
254630,3450,1232
254700,3451,1232
254719,3451,1796
254768,3452,1232
254836,3453,1232
254903,3454,1232
254969,3455,1232
255034,3456,1232
255098,3457,1232
255159,3458,1232
255218,3459,1232
255275,3460,1232
255331,3461,1232
255385,3462,1232
255440,3463,1232
255492,3464,1232
255543,3465,1232
255591,3466,1186
255593,3466,1232
255640,3467,1186
255688,3468,1186
255735,3469,1175
255782,3470,1175
255830,3471,1175
255832,3471,1211
255880,3472,1211
255929,3473,1211
256897,3492,1287
256951,3493,1287
257006,3494,1287
257063,3495,1334
257119,3496,1334
257176,3497,1334
257233,3498,1334
257292,3499,1334
257351,3500,1334
257410,3501,1334
257470,3502,1334
257530,3503,1334
257590,3504,1334
258072,3512,1324
258080,3512,156
258096,3512,199
258136,3513,1324
258144,3513,156
258161,3513,199
258188,3514,1082
258201,3514,1324
258254,3515,1082
258267,3515,1324
258333,3516,1324
258399,3517,1324
258465,3518,1324
258531,3519,1324
258589,3520,1147
258597,3520,1324
258663,3521,1324
258730,3522,1324
258798,3523,1324
258866,3524,1324
258934,3525,1324
258949,3525,1799
259003,3526,1324
259040,3526,65
259072,3527,1324
259140,3528,1324
259182,3528,729
259208,3529,1324
259235,3529,339
259276,3530,1324
259344,3531,1324
259413,3532,1324
259483,3533,1324
259553,3534,1324
259623,3535,1324
259693,3536,1324
259764,3537,1324
259832,3538,1324
259900,3539,1324
259968,3540,1324
260034,3541,1324
260101,3542,1324
260167,3543,1324
260233,3544,1324
260298,3545,1324
260364,3546,1324
260426,3547,1324
260487,3548,1324
260546,3549,1324
260604,3550,1324
260661,3551,1324
260716,3552,1324
260770,3553,1324
260824,3554,1324
260879,3555,1324
260933,3556,1292
260934,3556,1324
260987,3557,1292
261042,3558,1292
261096,3559,1229
261098,3559,1292
261153,3560,1229
261208,3561,1229
261261,3562,1200
261316,3563,1200
261406,3564,495
262804,3588,1321
262865,3589,1321
262926,3590,1321
262988,3591,1321
263051,3592,1321
263115,3593,1321
263181,3594,1321
